46
1 8 70 9312
1 21 83 3266
1 22 98 3544
2 7 58 7392
2 16 91 9511
2 37 68 466
2 38 86 5473
3 28 97 3713
3 33 59 3424
3 36 24 7826
4 1 5 7491
4 5 94 1689
4 13 41 6835
4 33 50 7430
4 41 41 9481
5 36 86 7862
6 8 45 1368
6 9 80 7442
6 32 63 1937
7 1 86 2753
7 16 100 5105
7 18 18 185
7 31 77 2367
7 34 49 2687
7 38 90 6672
8 35 65 7546
8 37 15 1510
9 17 35 2455
9 23 44 784
9 35 84 5236
9 40 17 4669
10 7 98 1761
10 11 88 577
10 15 54 3650
10 24 13 6739
11 6 2 6664
11 38 44 5971
11 42 48 8772
12 9 37 7097
12 30 11 479
12 35 20 4675
12 41 24 634
12 45 36 3610
13 6 88 879
13 14 94 9323
13 16 14 7362
13 29 43 5563
13 31 74 9082
13 34 39 7379
13 41 31 5004
14 21 70 5484
14 29 67 2313
14 31 55 4867
14 39 36 6143
14 44 15 1598
15 18 21 8434
15 22 72 997
15 32 20 5159
15 40 6 4859
16 10 89 5351
16 25 34 4855
16 29 12 876
16 34 17 4537
16 43 58 6556
17 4 68 9040
17 8 11 8737
17 15 24 9577
17 26 1 2330
17 28 95 4836
17 42 72 9109
17 43 34 1445
18 7 95 9057
18 22 41 5666
18 25 68 7046
19 1 24 2956
19 7 97 1057
19 10 10 1460
19 11 85 8227
19 16 49 8242
19 21 34 616
19 36 33 9044
19 37 52 8156
19 45 72 6752
20 5 37 5767
20 25 39 5309
20 45 75 724
21 4 5 5121
21 6 81 5545
21 27 86 6700
21 36 42 1310
21 37 55 7690
21 43 18 7465
22 2 50 7002
22 23 43 7850
22 24 95 3176
22 27 65 5228
22 41 71 4168
23 10 35 3542
23 15 19 6572
23 23 8 5209
23 42 32 535
24 1 33 1336
24 14 55 2065
24 18 32 2793
24 28 64 2173
24 40 2 8418
25 6 15 9171
25 25 82 5364
25 30 73 4276
25 42 65 4119
25 43 51 8029
26 1 46 6021
26 20 48 9081
26 25 15 9466
26 36 4 5222
26 39 74 235
26 41 8 6958
26 42 70 4115
26 44 22 4801
27 6 7 7785
27 8 25 7360
27 9 3 9539
27 39 30 8436
28 4 54 9054
28 13 12 818
29 19 73 6514
29 28 98 2518
29 32 87 3745
29 43 50 4801
30 22 62 9953
30 30 74 588
30 46 87 8482
31 36 45 8108
31 38 96 6567
31 41 60 5854
32 19 51 2585
32 32 13 6905
33 26 75 6094
33 36 93 6081
34 4 48 756
34 14 98 8320
34 24 69 8448
34 33 89 6155
34 37 44 1491
34 39 7 8106
35 1 95 3681
35 6 45 7982
35 20 62 2589
35 25 41 1109
36 4 55 1701
36 12 62 9858
36 19 37 6526
36 22 14 5463
36 28 19 4806
36 34 43 7766
36 42 61 4793
37 42 37 2830
38 10 40 5978
38 35 36 8135
38 37 68 8995
38 42 40 5262
39 6 75 7636
39 36 95 1188
40 5 25 8388
40 6 96 5731
40 15 88 5609
40 20 40 7076
40 27 34 5054
40 29 90 4752
40 31 59 433
41 3 70 1772
41 9 25 1306
41 38 1 4816
41 39 35 6288
41 42 2 1102
42 3 82 1894
42 16 16 4308
42 33 29 8662
42 38 95 9753
42 42 49 4142
43 16 36 3488
43 19 50 3775
43 20 15 8235
43 25 28 5805
43 29 39 5039
43 30 37 8208
43 33 10 7813
43 34 65 7762
44 8 80 9500
44 9 1 8281
44 10 53 2035
44 36 74 6020
44 38 42 9703
45 26 82 8189
45 36 7 8082
45 40 30 7642
46 8 70 8432
46 22 17 8484
-1 2 2 2