676
1 81 64 697
1 233 68 5575
1 280 89 1300
1 304 7 7824
1 331 4 381
1 370 85 9957
1 374 10 4719
1 409 64 8427
1 452 11 9838
1 468 44 7277
1 494 65 1404
1 558 64 8277
2 58 69 2723
2 156 60 6562
2 183 7 8008
3 160 87 7122
3 182 4 1206
3 400 97 7492
3 463 5 5255
3 558 67 8460
3 587 35 5104
3 642 17 8096
4 101 22 3132
4 656 22 232
5 51 21 6066
5 213 60 7286
5 286 21 9924
5 647 14 1741
5 649 98 1225
6 104 2 1356
6 294 32 9341
6 355 78 4287
6 390 46 1174
6 555 30 3051
6 561 80 9797
6 613 10 8414
7 186 100 6278
7 239 9 1073
7 305 61 9382
7 395 4 5082
7 473 99 1515
8 186 19 5620
8 279 90 6984
8 320 60 3140
8 344 61 2014
8 377 95 3792
8 466 54 9324
8 646 31 1899
8 655 97 2560
9 585 1 9628
9 649 8 9163
10 40 41 3607
10 173 92 901
10 210 79 7553
10 244 83 2334
10 344 86 2081
10 413 1 4056
10 553 100 7990
11 4 39 1412
11 139 81 5599
11 349 25 1976
11 364 43 1130
11 397 99 173
12 165 28 8148
12 280 84 681
12 292 75 7792
12 501 43 2168
12 510 50 1634
12 624 68 8781
13 3 38 3350
13 24 66 4523
13 49 31 7666
13 53 30 9482
13 85 8 5969
13 134 45 9488
13 184 19 669
13 285 15 3661
13 335 98 9114
13 512 85 1178
13 513 13 9269
14 127 58 7739
14 129 12 8052
14 169 6 1161
14 181 37 9326
14 218 41 1575
14 277 27 7407
14 300 49 4457
14 480 24 7379
14 501 91 3431
14 546 47 7535
14 615 19 7617
14 636 56 733
15 76 78 2705
15 453 98 7814
15 518 34 6162
15 523 34 8443
15 531 53 6845
15 579 94 6510
15 633 58 2531
16 8 35 650
16 32 5 4862
16 64 8 6553
16 129 70 5832
16 179 83 2312
16 202 62 3629
16 218 99 8532
16 358 46 754
16 374 17 8875
16 546 10 8166
17 53 40 44
17 208 80 6474
17 215 86 932
17 385 70 1332
17 514 93 4027
17 560 62 9628
17 570 29 4318
17 617 41 5436
18 66 22 6510
18 80 67 7505
18 170 74 6881
18 289 85 1372
18 361 64 5082
18 457 77 7380
18 515 8 4638
18 520 98 3348
18 635 81 8929
18 650 73 9519
19 48 60 2194
19 55 2 3652
19 100 73 1063
19 148 31 3601
19 182 32 471
19 199 36 5305
19 223 33 303
19 226 9 4858
19 301 35 6646
19 350 29 5298
19 356 27 1057
19 392 30 2035
19 441 94 7279
19 646 34 6727
20 26 7 4258
20 253 97 2418
20 370 51 9798
20 376 21 9023
20 385 12 2052
20 530 23 8943
20 537 74 8011
21 68 47 8558
21 112 13 3408
21 183 15 8199
21 209 53 5995
21 231 96 8131
21 342 3 2525
21 497 17 9097
21 527 3 4602
21 544 75 2361
21 578 59 4771
21 622 78 5310
22 10 68 7199
22 108 84 1779
22 115 2 9659
22 156 73 4475
22 347 69 7671
22 409 85 2333
22 471 30 2799
22 579 31 3834
22 615 46 4026
22 627 65 8548
22 650 3 4833
23 130 96 9057
23 173 35 2522
23 264 18 8293
23 282 92 6195
23 286 54 8211
23 417 45 638
23 557 41 5346
23 567 96 3413
23 616 73 7964
23 657 36 5557
24 59 96 4865
24 75 7 7178
24 122 99 6204
24 195 3 7015
24 409 52 457
24 487 47 5099
24 542 14 1281
25 12 21 7283
25 124 74 1264
25 126 29 9527
25 131 75 9574
25 183 16 5815
25 188 71 6811
25 339 80 7443
25 485 26 3015
25 495 99 7773
25 529 31 4058
25 547 50 2929
25 566 61 2505
25 567 43 1364
25 570 61 1790
25 621 63 8826
25 625 70 435
25 627 8 8995
25 643 50 5937
26 17 74 7524
26 22 62 1389
26 482 91 3132
26 597 100 1622
26 608 27 5677
27 124 88 9925
27 374 50 5218
27 413 34 4751
27 462 47 595
27 469 55 4441
27 478 58 6568
28 200 30 4772
28 307 45 5652
28 402 58 7853
28 560 98 9608
28 602 41 5871
29 28 83 8354
29 130 60 9525
29 249 37 1811
29 282 98 4763
29 356 87 8485
30 14 40 7288
30 86 3 1373
30 91 39 8201
30 117 67 5645
30 147 41 277
30 214 64 5223
30 225 100 309
30 226 26 2958
30 298 13 8223
30 301 17 1005
30 422 94 2399
30 507 58 7705
31 21 76 7194
31 42 15 5773
31 89 9 3353
31 92 58 9348
31 216 41 4312
31 222 20 9031
31 247 64 9039
31 335 75 7856
31 510 15 3239
31 549 30 714
31 580 99 6655
32 52 23 4411
32 87 30 8939
32 117 15 5323
32 173 90 1124
32 299 79 5965
32 341 69 5245
32 420 37 2977
32 586 97 2346
33 3 24 5589
33 10 9 9396
33 20 19 8224
33 90 34 5646
33 238 80 7748
33 249 36 5509
33 255 13 5134
33 305 16 4836
33 318 44 9745
33 470 26 1310
34 5 19 7815
34 79 33 797
34 185 79 7101
34 296 41 1868
34 383 30 4637
34 533 65 8753
34 620 78 9926
34 670 48 1196
35 46 49 2933
35 70 93 580
35 106 80 8428
35 112 89 1845
35 129 61 956
35 360 32 9456
36 115 100 3157
36 188 65 2118
36 278 72 9549
36 322 66 4750
36 441 50 5306
37 24 69 3079
37 52 94 3534
37 62 83 9223
37 72 59 2683
37 107 19 7959
37 139 15 3611
37 221 39 2647
37 229 91 4627
37 291 91 1951
37 348 34 3874
37 356 7 2633
37 376 30 8523
37 416 2 8001
37 423 72 6719
37 575 3 1073
37 642 76 8423
38 215 3 1021
38 325 56 8685
38 446 44 1766
38 458 19 662
38 474 25 3334
38 496 24 8263
38 578 80 9014
38 654 41 6822
39 49 17 1174
39 89 95 5075
39 91 58 7724
39 119 97 7611
39 233 77 8020
39 368 29 7531
39 637 92 9056
39 675 53 5946
40 170 76 4261
40 248 31 319
40 249 78 2349
40 274 80 2102
40 294 34 7956
40 348 16 8013
40 391 21 2308
40 392 86 637
40 429 81 1880
40 467 11 9990
40 599 56 5660
40 674 52 4384
41 169 79 4632
41 203 66 9123
41 309 87 4218
41 393 68 3763
41 435 30 6050
41 452 81 7208
41 466 51 1413
41 589 61 6784
41 663 68 2377
42 28 49 2688
42 92 84 8686
42 238 25 4517
42 274 66 5387
42 450 58 2873
42 483 46 4810
42 638 8 1077
43 136 41 1873
43 156 51 3128
43 321 42 7970
43 447 90 7272
43 459 20 970
43 621 79 5122
44 162 82 139
44 309 57 8101
44 334 67 9405
44 353 89 3551
44 426 91 465
44 638 19 5008
45 72 3 5276
45 151 32 9601
45 267 85 4191
45 397 77 9526
45 535 63 3579
45 646 5 8504
46 22 48 2246
46 110 27 5567
46 193 67 2957
46 451 40 1949
46 512 96 5297
46 513 1 8314
46 574 1 3541
46 675 16 9143
47 1 5 2634
47 34 2 6208
47 207 62 1085
47 343 60 4346
47 373 75 2836
47 395 23 1337
47 445 66 5579
47 548 93 4313
47 558 24 8319
47 625 32 7391
48 40 76 3271
48 71 91 723
48 205 67 2091
48 224 88 9620
48 243 32 3604
48 288 14 5988
48 432 89 5616
48 580 47 6850
48 622 52 706
49 45 96 8327
49 60 93 7770
49 234 15 2658
49 334 49 8559
49 346 71 1172
49 382 30 3202
49 498 14 857
49 505 24 604
49 512 79 1391
49 533 95 6966
49 665 10 4678
50 151 21 6123
50 185 17 9510
50 281 90 5564
50 307 59 1142
50 644 21 3906
50 669 20 2514
51 93 28 8186
51 114 71 1376
51 500 97 8493
52 7 99 6326
52 35 46 3813
52 118 82 870
52 235 16 5112
52 336 60 3462
52 364 29 9621
52 379 91 5350
52 497 95 1508
53 8 11 185
53 15 23 3921
53 40 78 6043
53 253 27 9849
54 17 56 5854
54 99 86 79
54 135 81 7482
54 154 23 2479
54 265 7 2969
54 288 43 988
54 357 90 3411
54 375 51 8801
54 517 72 880
55 6 21 7715
55 99 29 6867
55 116 22 7439
55 179 3 8996
55 362 59 1080
55 364 38 5537
55 414 80 9946
55 620 42 1666
55 625 76 1322
56 9 47 1298
56 68 53 9306
56 72 18 9147
56 93 45 807
56 121 57 9096
56 186 7 5781
56 223 75 4379
56 234 95 2555
56 438 98 9068
56 578 93 1000
57 253 63 7703
57 569 32 9452
58 77 92 5711
58 185 49 7333
58 188 28 2124
58 286 7 9227
58 327 74 1511
58 371 32 391
58 469 57 5176
58 497 50 3214
58 591 23 3508
59 1 94 597
59 33 39 8840
59 65 3 1836
59 94 7 5847
59 465 35 2321
59 559 50 1266
59 577 24 3141
59 589 77 3873
60 70 25 7056
60 341 96 1831
60 429 82 2121
60 441 93 4813
60 483 12 350
60 647 41 6413
61 109 63 3315
61 148 20 8908
61 172 64 4158
61 191 47 9766
61 217 45 2005
61 305 13 5180
61 386 77 9162
61 475 45 8800
61 598 54 9773
61 637 24 1830
61 672 29 1372
62 23 13 3110
62 58 92 9705
62 85 75 2355
62 289 54 615
62 480 67 9968
62 646 29 5039
63 146 27 544
63 155 48 2973
63 234 10 7893
63 510 29 5922
63 521 72 8357
64 57 35 5868
64 84 9 6440
64 461 41 2532
64 471 69 8821
64 491 3 4633
64 496 30 7395
64 571 38 6204
64 596 1 743
64 650 70 4868
65 32 11 3451
65 33 58 5937
65 69 94 1805
65 73 62 655
65 343 49 2942
65 351 76 9120
65 461 51 8010
65 466 40 1159
65 580 1 6980
65 589 90 5422
65 627 100 7593
65 639 54 4081
66 34 39 743
66 94 37 7439
66 108 86 6158
66 303 58 8548
66 381 60 1267
66 439 36 9954
66 516 24 2449
66 570 60 5472
66 580 91 3536
67 208 44 3041
67 272 97 2283
67 342 51 8698
67 379 14 4240
67 562 71 7765
67 563 84 524
68 12 45 9522
68 25 67 4833
68 101 13 2752
68 130 91 8322
68 132 51 6950
68 207 89 8486
68 215 55 9012
68 276 35 215
68 287 83 2677
68 665 2 1778
69 4 69 7998
69 24 60 2619
69 60 47 9673
69 128 10 3517
69 190 89 1394
69 404 93 5634
69 450 67 1659
70 3 18 6931
70 239 62 4160
70 334 53 4764
70 483 10 1193
70 500 49 716
70 550 4 535
70 610 82 1038
71 42 11 7383
71 47 16 1631
71 100 33 3227
71 203 1 1131
71 218 52 3811
71 462 100 3040
71 558 4 1392
71 635 25 8822
72 21 2 1843
72 31 53 6515
72 55 2 7357
72 108 78 3463
72 129 49 4526
72 276 79 5104
72 396 13 7812
72 407 41 4623
72 431 95 5308
72 520 6 3279
73 2 35 3206
73 170 9 4138
73 183 16 5408
73 203 77 8571
73 248 51 2202
73 475 93 2552
73 513 96 9497
73 516 66 2749
74 67 53 6695
74 128 12 5401
74 271 73 6742
74 336 4 8985
74 382 53 2996
74 418 59 6099
74 434 56 2564
74 471 77 3190
74 621 70 138
74 645 79 9137
74 650 45 855
74 656 8 8696
75 102 8 1452
75 258 99 9803
75 349 48 3017
75 458 4 4152
75 634 11 5115
76 189 4 7283
76 220 8 6407
76 298 19 9112
76 335 54 2578
76 470 11 409
77 77 93 939
77 488 50 7262
77 564 76 3628
77 611 99 6621
78 144 35 458
78 149 68 242
78 160 9 5618
78 244 97 9208
78 300 34 5300
78 485 59 4697
78 541 66 9262
78 558 31 4973
78 645 20 950
79 19 84 4125
79 183 79 5646
79 211 34 1371
79 329 85 835
79 421 33 4012
79 433 63 1383
79 474 84 5297
80 25 92 8651
80 389 90 100
80 431 69 8286
80 497 59 9254
80 572 85 9017
80 577 50 6702
80 609 30 2281
81 213 74 6649
82 235 82 2110
82 319 25 9460
82 375 55 1658
82 429 30 691
82 570 93 5814
82 612 3 3307
82 625 48 1686
83 43 55 1739
83 69 89 6844
83 105 38 7309
83 114 82 7496
83 259 62 1418
83 413 64 6864
83 430 20 7493
83 434 44 9793
83 493 93 8725
83 557 2 3970
83 587 36 6009
83 631 27 5365
84 230 51 4471
84 417 31 7753
84 441 29 1078
84 488 91 9083
84 592 17 2479
84 609 79 1006
85 68 39 3760
85 82 54 2700
85 182 77 7717
85 228 63 3296
85 343 62 5058
85 565 41 8406
85 634 34 7694
86 5 75 4669
86 109 54 4354
86 223 86 3105
86 329 76 3916
86 378 57 9305
86 416 93 2999
86 427 39 4161
86 512 77 3369
87 27 67 7967
87 215 80 20
87 252 67 8657
87 327 88 6581
87 336 4 5649
87 466 91 4096
87 489 7 8124
87 505 90 2781
87 581 45 1843
87 639 86 5530
88 198 47 8662
88 202 97 2156
88 225 66 7141
88 240 6 9056
88 250 2 3335
88 313 77 6468
88 618 1 2256
88 620 39 1967
89 14 12 6926
89 185 100 5568
89 207 75 2890
89 232 63 2981
89 362 65 7804
89 526 13 6509
90 24 99 5599
90 197 90 7297
90 206 60 4186
90 293 52 8577
90 368 27 7310
90 388 84 8980
90 433 44 2760
90 524 47 1944
91 114 16 8285
91 368 63 2279
91 417 10 5162
91 443 98 4136
91 589 3 3861
91 639 68 1767
92 95 64 1933
92 214 76 7662
92 254 83 3017
92 282 11 8142
92 305 3 762
92 459 70 4881
92 551 23 3405
92 595 60 5066
92 612 65 5658
93 11 10 7532
93 32 94 3624
93 56 10 1855
93 67 85 4008
93 84 91 3187
93 271 20 5810
93 303 5 2235
93 321 94 5932
93 656 49 7976
94 7 49 7559
94 27 69 2503
94 136 72 5538
94 216 35 9095
94 217 43 7594
94 273 60 1459
94 282 3 7521
94 287 42 9896
94 327 44 5151
94 373 50 6280
94 522 10 4092
94 617 18 6081
95 20 54 7123
95 79 16 347
95 92 6 916
95 100 23 8354
95 123 26 791
95 219 8 9497
95 411 81 942
95 671 43 7975
96 39 87 5455
96 102 85 4489
96 116 75 1126
96 367 36 471
96 588 28 8838
96 610 2 8138
97 6 29 8920
97 151 70 5534
97 219 94 5237
97 293 33 8151
97 298 52 6907
97 313 5 977
97 594 97 3712
97 626 26 6729
98 159 6 1768
98 216 3 5892
98 279 22 6839
98 374 81 6549
98 409 64 1116
98 433 71 592
99 24 53 6472
99 129 81 9234
99 165 43 5650
99 170 19 488
99 394 87 3351
99 415 39 3390
99 534 57 1495
99 546 67 4306
99 650 58 7544
100 5 86 2563
100 51 11 8441
100 67 55 2885
100 133 79 5187
100 255 85 3243
100 299 2 9155
100 400 34 2607
100 460 78 8914
100 534 92 3721
100 601 63 9310
100 674 60 1801
101 67 61 9198
101 119 91 9269
101 260 44 5909
101 332 74 8602
101 476 52 960
101 505 16 9114
101 515 100 5970
102 4 50 4678
102 18 56 4134
102 27 72 3810
102 69 40 8105
102 70 16 1618
102 143 70 959
102 175 90 4285
102 212 68 2249
102 445 85 9280
102 585 99 7627
102 673 49 4842
103 108 35 8474
103 127 95 3338
103 264 85 7311
103 284 4 1536
103 568 32 7153
103 598 14 788
103 655 39 6837
104 32 97 7278
104 149 94 7364
104 159 47 4663
104 183 74 6936
104 197 99 4941
104 324 37 1384
104 498 21 3335
104 513 62 9121
104 524 28 8897
104 527 94 675
105 167 86 9731
105 185 85 7389
105 205 66 7616
105 284 94 3831
105 506 55 4884
105 650 68 5703
106 104 13 1961
106 106 18 3760
106 158 23 4091
106 201 47 1922
106 250 32 2583
106 259 57 9604
106 388 69 5018
106 396 76 6797
106 545 66 2669
106 635 71 5204
106 668 51 1807
107 69 92 17
107 252 22 9837
107 298 47 529
107 321 20 4514
107 548 31 3233
108 98 26 5649
108 160 44 5801
108 269 39 390
108 430 74 5122
108 454 73 3730
108 490 25 5241
108 585 99 6152
108 655 89 1717
108 674 73 5859
108 676 20 3923
109 6 65 5863
109 200 39 3439
109 255 52 7786
110 13 67 6771
110 19 51 6549
110 129 55 1477
110 427 97 9698
110 613 77 8288
111 79 88 1350
111 97 9 9412
111 177 31 4486
111 294 52 2881
111 571 37 3041
111 633 49 5809
112 198 51 7868
112 270 32 9268
112 454 83 22
112 517 6 2134
112 637 59 3024
112 645 4 2810
112 660 72 1611
113 20 38 8121
113 84 8 4266
113 180 8 7747
113 241 67 9816
113 264 58 9749
113 453 53 8162
113 512 29 7642
113 549 2 3578
113 650 2 2804
114 8 97 5885
114 262 71 7879
114 300 7 1128
114 573 12 65
114 584 51 5268
114 649 26 75
115 42 30 6215
115 228 95 889
115 278 32 4602
115 310 36 8798
115 466 69 2145
116 276 46 7774
116 292 6 7527
116 336 15 7859
116 407 56 5216
116 537 63 1604
117 300 1 9085
117 416 83 3359
117 420 13 5846
117 432 75 715
118 40 65 5353
118 327 89 694
118 532 67 5335
118 547 83 8399
118 634 36 6570
119 38 48 7057
119 209 14 8446
119 586 30 5372
120 26 24 244
120 74 30 9779
120 229 11 244
120 281 82 9263
120 375 81 7216
120 393 21 5893
120 497 14 2396
121 255 59 6878
121 402 48 100
122 127 24 5666
122 133 34 1858
122 139 16 1722
122 266 27 3964
122 423 78 3492
122 425 9 3607
122 638 63 4732
123 89 2 8445
123 110 62 8364
123 265 40 8595
123 333 27 720
123 435 11 247
123 551 64 5224
123 592 94 5923
123 608 53 6741
123 648 22 2376
124 13 59 7807
124 118 33 9174
124 157 28 9011
124 302 37 8305
124 378 3 1897
124 380 63 7717
124 401 80 4816
124 451 13 3841
124 487 80 3905
124 565 36 806
125 9 24 4598
125 136 4 3940
125 188 73 6398
125 213 62 4625
125 327 38 2235
125 407 1 1896
125 437 93 7585
125 474 70 5921
125 492 96 558
125 578 77 5450
125 615 55 5192
126 39 66 1786
126 195 7 2031
126 442 27 3186
126 527 35 4414
126 569 43 6910
127 48 63 7747
127 156 49 1535
127 316 44 7062
127 452 59 3633
127 453 96 9511
127 456 81 5689
127 673 96 9302
128 6 61 43
128 178 59 8537
128 214 92 8665
128 549 28 8657
128 658 51 87
129 71 39 2429
129 82 24 2973
129 134 94 9967
129 155 83 4908
129 187 65 731
129 284 42 8208
129 330 93 8952
129 345 92 3440
129 389 15 72
129 390 80 1910
129 641 73 3440
129 648 52 9232
130 44 29 3795
130 99 48 8408
130 147 51 1050
130 315 94 9490
130 404 78 8118
130 578 14 3023
130 601 36 8696
130 643 30 8500
130 651 79 723
131 62 59 9923
131 119 75 1250
131 232 14 4489
131 304 22 1546
131 321 50 694
131 422 85 1053
131 583 77 9665
132 130 47 525
132 458 73 3649
132 646 26 2918
133 6 90 1404
133 432 35 8304
133 542 78 1822
134 196 51 8708
134 205 21 5481
134 213 30 3379
134 285 3 5456
134 361 29 1469
134 410 96 2302
134 438 14 5397
134 576 47 4350
134 663 1 5624
135 456 15 3999
135 560 100 8439
135 636 48 425
135 649 56 3489
136 43 80 8743
136 285 44 8958
136 295 64 1495
136 468 17 7237
136 485 75 9798
136 521 15 8730
136 579 54 1595
136 676 50 7901
137 14 48 9563
137 79 98 9595
137 80 12 6098
137 203 18 4278
137 434 49 4069
137 485 68 448
137 656 93 424
138 115 36 9025
138 134 18 2080
138 369 82 6081
138 385 26 8350
138 444 69 3252
138 641 47 284
138 675 33 9752
139 173 30 4882
139 323 53 8478
139 408 44 950
139 565 72 4708
139 591 99 9641
140 3 37 6199
140 165 9 4405
140 209 46 4553
140 308 80 6934
140 497 77 6697
140 577 13 7910
140 603 29 5290
140 653 59 8798
140 660 41 758
141 130 33 6874
141 433 9 14
141 438 55 8161
142 145 91 2551
142 243 62 2914
142 358 10 5213
142 385 6 8946
142 482 11 8966
142 525 2 4409
142 621 19 7233
143 332 42 3447
143 481 81 6706
143 566 57 5762
144 21 95 3967
144 156 59 535
144 255 24 6343
144 408 60 1585
144 457 56 5515
144 576 45 1199
145 21 17 1559
145 270 64 8026
145 337 23 9370
145 369 23 885
145 491 35 9377
145 578 93 8205
145 631 9 2986
145 635 52 6890
146 3 91 9360
146 70 3 1685
146 129 78 9913
146 434 72 754
146 496 55 2331
146 585 38 8962
146 606 97 8434
146 617 12 8613
147 199 92 6976
147 201 38 9466
147 263 97 6313
147 301 51 1031
147 355 89 5643
147 389 36 8649
147 480 29 7239
147 525 90 4671
147 555 50 892
147 620 56 2627
148 47 4 1279
148 103 80 3410
148 228 61 5717
148 618 72 4158
149 46 3 8883
149 201 70 6846
149 404 10 5760
149 406 12 4906
149 511 72 6662
149 576 37 4112
150 46 56 1524
150 54 60 3636
150 113 14 4650
150 133 7 8063
150 149 93 1014
150 179 89 2697
150 192 92 4069
150 374 6 2252
150 449 37 4829
150 626 61 2991
151 47 12 5531
151 287 37 5921
151 322 42 6148
151 446 27 6065
151 492 61 3115
151 551 76 7816
151 584 90 9287
151 592 52 6103
152 46 88 6110
152 85 65 2181
152 95 23 1205
152 144 29 5766
152 148 25 7334
152 390 17 4114
153 14 63 778
153 18 4 2226
153 28 60 6940
153 175 98 301
153 375 39 5324
153 379 17 8599
153 462 90 2892
153 466 67 5779
153 484 30 570
153 491 33 8818
153 591 79 8749
153 597 98 153
153 629 6 2226
154 101 18 7930
154 177 11 286
154 259 43 4425
154 427 15 5499
154 485 50 74
154 581 90 1148
154 584 26 8229
154 650 23 9442
155 119 79 3965
155 173 85 2297
155 221 43 7215
155 225 18 4328
155 279 84 2248
155 412 28 9733
156 93 100 5733
156 206 10 8317
156 344 63 4220
156 379 55 2057
156 561 97 2369
157 7 7 1646
157 64 95 2697
157 189 45 5520
157 240 77 8320
157 300 14 6807
157 305 84 6350
157 315 4 8378
157 462 16 8321
158 179 5 2299
158 195 69 2133
158 197 83 2968
158 254 17 6692
158 354 37 7879
158 522 64 8943
158 602 88 2260
158 622 11 194
159 16 57 105
159 80 42 9402
159 89 77 6518
159 175 73 9642
159 200 25 6356
159 252 91 8780
159 255 33 2259
159 405 100 3790
159 468 9 4020
159 517 74 9292
159 523 88 6490
159 552 83 976
159 570 21 3246
160 134 70 7008
160 310 57 7580
160 339 53 2114
160 389 37 2795
160 407 67 2365
160 549 64 1939
161 71 6 5340
161 164 46 4348
161 237 19 5730
161 242 6 1219
161 246 19 3867
161 253 38 8144
161 406 58 8577
161 503 34 5492
161 605 4 1706
161 650 38 2173
161 673 13 6946
162 40 5 8617
162 62 59 141
162 190 63 3277
162 218 5 9779
162 284 15 4510
162 291 18 6212
162 352 9 9237
162 455 42 8167
162 462 55 1460
162 498 33 2044
162 619 4 5190
163 54 73 589
163 95 81 2876
163 139 94 5770
163 277 1 7358
163 409 16 7505
163 418 26 8126
164 48 45 89
164 163 3 6501
164 174 67 2969
164 264 62 1336
164 318 81 2570
164 511 72 7474
164 566 36 7378
164 576 33 2768
164 615 22 4888
165 1 9 6394
165 21 28 4990
165 33 21 4121
165 89 11 7021
165 220 30 6178
165 254 25 156
165 503 4 2169
165 512 96 2058
165 595 69 2814
165 629 78 6030
165 639 49 6910
166 4 52 4721
166 92 83 5687
166 105 98 9668
166 117 7 7871
166 196 7 9115
166 325 64 2735
166 572 56 9885
167 57 7 7567
167 261 5 1037
167 482 44 7782
167 572 44 4399
167 646 50 4139
168 270 56 4971
168 292 52 4186
168 368 52 7452
168 454 95 8655
168 480 72 5478
169 191 42 622
169 372 97 5500
169 396 92 2403
169 403 14 9108
169 616 37 1422
169 658 44 8344
169 666 88 8600
170 222 32 9083
170 267 81 3275
170 298 82 2683
170 359 13 6289
170 396 5 716
170 502 74 7708
170 524 67 1569
171 34 63 6691
171 242 98 7056
171 326 12 4894
171 352 55 2155
171 368 96 3520
171 393 14 8785
172 288 41 2957
172 411 28 280
172 566 9 2859
172 605 63 641
172 647 33 9196
173 37 23 9897
173 103 84 7327
173 321 12 5958
173 425 87 8778
173 488 78 7749
173 531 20 3627
173 569 4 5483
173 618 20 7358
174 87 38 2167
174 96 29 1603
174 134 51 2170
174 296 60 4430
174 361 49 8820
174 370 40 8163
174 522 60 9772
174 630 58 2783
175 15 20 2842
175 136 61 6631
175 182 51 4199
175 264 61 5380
175 322 47 3580
175 406 6 6750
175 446 63 3877
175 517 59 3052
175 593 95 7688
175 612 54 3346
176 118 57 5565
176 328 27 8657
176 347 84 7767
176 379 20 196
176 384 90 529
176 396 30 9910
176 477 22 2142
176 621 92 1224
177 162 41 4652
177 175 3 8287
177 261 84 1960
177 297 89 9998
177 315 88 1847
177 413 49 4583
177 507 34 4054
177 630 80 5742
177 667 19 8406
178 28 51 354
178 115 24 3922
178 316 1 6414
178 368 50 6230
178 382 23 4172
178 466 72 9214
178 508 95 1064
179 145 18 8350
179 308 50 4801
179 562 61 738
179 635 98 8849
180 29 37 4198
180 72 83 8470
180 199 51 4062
180 367 64 4221
180 511 19 1314
180 676 27 7695
181 67 35 7827
181 165 8 6036
181 193 57 6782
181 275 7 8780
181 483 47 1954
181 653 43 8916
182 10 55 5544
182 153 16 3315
182 327 82 4865
182 490 15 1570
182 648 62 8297
183 29 39 3665
183 274 10 6954
183 592 85 3881
184 47 67 8811
184 57 75 9853
184 96 90 2034
184 132 89 3398
184 184 15 2447
184 244 77 7513
184 289 100 8371
184 302 29 7406
184 355 14 6496
184 515 73 6547
184 613 61 5587
184 651 16 6774
185 109 36 4507
185 246 90 5297
185 290 60 1027
185 329 29 6079
185 473 89 3455
185 479 31 9178
185 501 88 1819
185 506 75 654
185 531 66 1103
186 131 67 5017
186 149 25 947
186 164 23 9739
186 224 42 5847
186 300 37 5154
186 462 33 7105
186 517 80 8020
186 570 63 1421
186 639 69 9422
186 653 47 1549
187 15 100 8636
187 212 4 7783
187 500 65 491
187 638 1 6740
187 656 97 3866
188 347 94 2015
188 557 35 19
189 151 61 7657
189 455 9 6754
189 638 3 8745
190 54 8 1287
190 73 1 6539
190 99 59 163
190 139 59 1679
190 213 37 406
190 369 27 7788
190 379 93 8230
190 420 70 9557
190 618 73 1523
190 674 48 2569
191 7 88 6842
191 25 83 6974
191 233 60 7543
191 290 30 9320
191 377 48 4484
191 433 64 8907
191 571 23 6617
191 661 45 4133
192 3 31 9756
192 110 11 9067
192 128 13 9037
192 235 55 1905
192 275 67 8776
192 495 13 8691
192 542 98 461
192 569 59 2038
192 604 54 5841
193 64 11 6865
193 120 35 9993
193 125 84 382
193 229 28 599
193 446 89 2950
193 473 15 1085
193 558 34 346
193 600 92 9244
193 604 64 3704
194 296 81 8970
194 319 60 1899
194 518 46 9773
194 568 89 4395
194 576 85 8199
194 621 32 238
194 666 39 5443
195 173 2 125
195 302 87 9637
195 321 58 2614
195 372 35 2498
195 389 16 3802
195 470 83 5349
195 486 47 774
195 504 93 6262
195 540 30 9225
195 565 32 2789
195 666 75 9329
196 21 61 4415
196 36 23 5497
196 118 13 155
196 158 34 3003
196 258 49 9187
196 377 79 3735
196 422 23 6336
196 458 100 9058
196 577 34 4615
197 20 59 8768
197 148 16 3357
197 324 93 908
197 336 18 3074
197 375 84 1201
197 416 63 310
197 432 29 4775
197 438 24 4252
197 554 72 3688
197 657 58 2357
197 664 42 9058
198 46 44 2520
198 69 44 366
198 155 7 1843
198 261 75 392
198 291 10 4985
198 306 59 9125
198 387 93 1404
198 498 84 663
198 514 77 9219
199 2 63 6691
199 96 28 2392
199 165 66 603
199 169 95 1737
199 172 42 104
199 241 93 3683
199 371 61 1988
199 383 54 8304
199 522 6 7760
199 578 46 4480
199 664 4 9307
200 111 65 3662
200 149 31 4157
200 377 17 1166
200 453 19 2246
200 504 84 3034
200 545 36 6263
201 118 77 401
201 165 65 4771
201 252 89 3858
201 365 74 8934
201 555 40 386
202 97 21 6445
202 132 89 9626
202 188 57 5186
202 198 58 5060
202 387 93 6274
202 512 73 9275
202 520 82 6490
203 60 41 7953
203 145 87 7176
203 147 86 4022
203 249 39 2762
203 318 75 6655
203 366 84 5615
203 381 13 5109
203 433 48 4404
204 10 94 1821
204 96 49 534
204 216 98 1405
204 250 19 8255
204 343 64 6563
204 369 80 7888
204 388 38 7662
204 497 29 2630
204 528 14 5815
204 532 57 2951
204 533 37 9595
204 556 64 6963
204 629 2 2299
204 643 77 3114
204 675 7 7125
205 93 17 9252
205 163 97 8365
205 200 85 3094
205 218 21 5503
205 312 1 8936
205 369 66 8580
205 448 24 4255
205 628 93 7552
206 16 36 4558
206 90 67 9392
206 93 8 9555
206 112 39 5923
206 119 17 7940
206 251 21 9093
206 252 53 5627
206 273 69 8569
206 314 30 7865
206 617 86 1014
206 644 11 5758
206 645 69 1363
207 78 94 4934
207 89 42 7869
207 184 40 8887
207 220 72 8775
207 348 44 1490
207 427 18 7304
207 524 96 9856
207 631 26 3912
208 57 95 1447
208 81 57 5199
208 126 25 1925
208 545 20 4655
209 59 42 3405
209 86 68 9804
209 110 14 4888
209 397 66 6559
209 439 73 7459
209 533 27 1712
210 57 45 2551
210 75 38 6141
210 88 40 1356
210 197 44 1436
210 226 11 6669
210 248 99 5358
210 309 67 7407
210 352 56 7892
210 516 84 675
211 231 98 1825
211 296 31 917
211 346 28 5945
211 348 5 2793
211 446 55 1977
212 117 51 3282
212 134 89 2948
212 158 84 526
212 208 88 6223
212 373 33 2531
212 475 10 9444
212 478 51 2061
212 514 53 18
212 569 67 1708
213 33 61 5150
213 155 35 3158
213 156 26 5517
213 488 74 4953
213 520 61 9878
213 568 97 316
214 25 55 700
214 157 49 1895
214 219 47 2132
214 279 72 9086
214 399 6 7005
214 529 68 5068
214 574 100 3518
214 625 80 3952
214 648 87 2946
215 100 59 499
215 129 48 745
215 155 56 7773
215 164 62 4082
215 188 78 4074
215 232 59 9526
216 25 41 2165
216 57 77 7041
216 70 11 223
216 104 24 9183
216 371 60 230
216 380 87 3627
216 459 49 8986
216 576 97 5128
217 122 37 3383
217 172 25 4947
217 186 82 8872
217 204 44 3889
217 281 97 8305
217 389 70 8426
217 454 78 8281
217 490 51 9471
218 32 45 4528
218 35 11 856
218 131 2 2035
218 236 90 3114
218 355 16 2576
218 432 40 264
218 636 13 236
218 665 43 7201
218 669 71 6167
219 5 47 204
219 112 91 4190
219 195 92 739
219 219 46 2062
219 295 64 1224
219 303 94 3466
219 374 46 3490
219 470 45 3556
220 2 45 5447
220 86 90 7086
220 107 60 4205
220 363 61 1651
220 365 20 7573
220 380 87 8914
220 430 25 8209
220 431 81 3272
220 561 12 2823
221 61 13 8855
221 120 61 2659
221 465 68 9076
221 601 34 3961
222 145 41 7279
223 144 51 6886
223 235 86 8147
223 254 84 2776
223 267 33 3595
223 303 32 1245
223 313 45 504
223 431 70 3483
223 456 17 6294
223 498 91 849
223 517 65 6454
223 631 71 9730
223 675 9 3583
224 40 40 2576
224 252 10 8973
224 286 89 1551
224 326 3 339
224 370 88 9788
224 431 85 3471
225 19 15 69
225 69 17 2247
225 113 14 8661
225 229 50 6483
225 333 96 8518
225 558 76 6538
225 667 67 8693
226 169 92 3037
226 381 74 4652
226 425 72 3513
227 7 79 1981
227 59 37 6467
227 136 83 1439
227 229 57 1022
227 247 78 7994
227 356 44 6493
227 394 62 4260
227 548 91 9375
227 575 73 4192
227 623 9 7768
227 676 9 4985
228 101 5 2075
228 285 29 7296
228 506 64 4802
228 522 99 4435
228 619 14 1878
229 60 67 7150
229 92 44 9002
229 267 40 7853
229 358 23 2517
229 462 46 867
229 562 9 3907
229 580 78 451
229 651 34 750
230 30 42 1842
230 60 17 7351
230 80 78 2822
230 291 25 3206
230 301 69 888
230 382 59 4768
231 11 74 2672
231 102 97 793
231 139 73 7692
231 207 94 1112
231 575 44 6168
232 3 81 1389
232 97 86 5341
232 155 96 4864
232 200 92 4929
232 364 13 433
232 559 22 482
232 562 83 6300
232 590 3 7208
233 11 57 6123
233 100 47 216
233 227 90 6121
233 251 39 3886
233 260 65 1764
233 295 30 3058
233 460 27 3473
233 498 77 9207
234 55 62 8963
234 93 48 157
234 140 26 6691
234 178 37 5790
234 217 23 910
234 242 71 4906
234 275 9 5925
234 314 65 9418
234 437 48 9263
234 541 85 9289
234 550 83 1575
234 576 27 4999
234 667 38 7456
235 55 8 8917
235 62 28 9985
235 162 75 5789
235 170 47 5374
235 190 97 9124
235 273 64 85
235 294 65 9187
235 336 95 7536
235 345 44 4555
235 349 60 5260
235 351 72 5507
235 408 22 6308
235 463 96 6257
235 562 83 674
235 623 55 7572
235 664 29 5663
236 8 88 9056
236 69 47 7315
236 158 45 945
236 286 88 3493
236 311 20 4752
236 327 78 7684
236 344 90 4572
236 374 19 733
236 392 78 5031
236 400 92 9450
236 428 89 6865
236 431 9 8036
236 450 21 9991
236 509 9 4376
236 649 63 6837
237 161 90 402
237 167 93 8388
237 222 16 7089
237 239 32 404
237 247 81 5751
237 402 7 510
237 438 34 1796
237 448 81 5005
237 489 80 6911
238 128 35 1223
238 238 60 6923
238 508 87 8468
238 530 59 1208
239 72 11 3667
239 237 35 8725
239 519 56 8324
239 546 78 2748
239 560 11 9546
239 660 36 2394
240 238 49 6768
240 263 96 7807
240 322 78 7929
240 493 2 8710
240 508 85 4833
240 595 20 5671
240 605 55 8331
240 636 94 4141
241 34 51 3904
241 269 100 7961
241 310 22 3634
241 366 37 777
241 427 9 8514
242 66 76 1371
242 160 59 6063
242 335 64 4359
242 368 31 8259
242 385 65 6460
243 164 40 8118
243 196 69 1824
243 202 50 789
243 241 95 9004
243 620 71 6440
244 84 97 8621
244 167 95 1196
244 226 33 6968
244 253 30 5969
244 270 45 9490
244 548 35 3972
244 560 61 8893
244 565 35 4624
245 156 4 9217
245 166 35 1768
245 183 76 1774
245 331 38 7196
245 419 49 5539
245 485 36 3795
245 590 95 9807
245 608 34 391
245 650 79 3280
245 669 86 7712
246 15 48 2767
246 43 32 4344
246 92 57 866
246 181 15 9469
246 243 11 4701
246 293 92 5714
246 341 17 9678
246 378 81 5944
246 446 51 70
246 476 40 7752
246 482 9 7475
247 97 46 6503
247 130 33 8132
247 183 45 8412
247 196 63 1182
247 208 75 8010
247 407 49 2506
247 586 53 2557
247 631 24 7020
248 16 25 5834
248 82 20 2468
248 189 47 1989
248 298 46 5379
248 358 84 9948
248 377 49 7423
248 409 51 7409
248 441 50 5597
248 495 63 1234
248 535 80 3507
248 648 45 7842
249 16 88 8471
249 40 52 4988
249 88 77 4556
249 111 44 7052
249 182 75 5920
249 219 85 9647
249 292 88 4431
249 302 35 6885
249 417 9 5918
249 602 32 1609
250 14 93 883
250 63 69 7294
250 172 31 5631
250 256 27 9262
250 388 37 4524
250 412 3 3825
250 436 94 9306
250 489 64 322
250 535 14 2708
250 556 73 8140
250 559 27 257
250 621 86 3366
251 91 39 5772
251 199 50 7200
251 300 42 3434
251 401 60 4086
251 471 68 529
251 648 79 9850
252 6 59 6257
252 18 11 1648
252 42 32 2565
252 89 24 126
252 195 23 6987
252 294 99 8436
252 341 94 524
252 514 75 4673
252 590 32 4361
253 7 90 8171
253 24 84 992
253 222 22 4525
253 249 77 6881
253 260 10 1444
253 294 9 6340
253 347 45 9920
253 463 49 6755
253 478 67 6080
253 497 71 3390
253 658 57 3893
254 96 76 9356
254 152 28 6422
254 159 79 5255
254 202 46 7010
254 338 67 1835
254 367 32 2450
254 420 26 9605
254 484 27 3602
254 573 86 8288
254 584 97 246
254 596 28 9041
254 636 17 9928
254 637 47 8083
255 64 7 7818
255 161 24 8564
255 196 62 8200
255 202 19 390
255 210 73 4149
255 258 96 8418
255 364 10 7962
255 546 52 5394
255 552 63 9430
255 634 98 89
255 654 31 7835
256 116 29 780
256 132 81 5708
256 133 20 4597
256 224 35 1967
256 291 32 1641
256 344 36 6855
256 486 4 4197
256 491 6 4474
256 509 38 2378
256 591 74 2933
257 21 95 8836
257 39 46 7399
257 202 29 361
257 279 28 9226
257 338 49 6210
257 375 13 1529
257 399 41 1493
257 452 36 3161
257 575 41 2870
257 592 79 1472
258 101 63 3966
258 126 79 1066
258 147 62 6084
258 325 92 5452
258 357 62 3217
258 390 36 5608
258 469 52 1982
258 521 58 6280
258 563 42 2537
259 37 58 9142
259 68 99 5270
259 105 71 8439
259 362 14 4258
259 397 51 1906
260 136 28 5781
260 184 78 7990
260 209 46 8056
260 338 7 4260
261 228 91 3650
261 329 11 5304
261 492 67 4446
261 563 64 8918
261 626 79 6621
261 668 50 1472
262 5 10 9759
262 195 66 608
262 279 28 3988
262 391 46 4493
262 479 45 3349
262 561 98 1724
262 643 29 6127
263 173 65 8875
263 296 34 7824
263 333 86 1025
263 629 73 5548
263 657 28 4691
264 1 93 9943
264 181 61 9124
264 292 64 1510
264 547 47 2073
265 124 68 3912
265 357 32 2647
265 405 51 8077
265 506 91 2496
265 514 77 9888
265 612 71 6906
266 128 67 6636
266 315 32 2900
266 316 59 1617
266 369 76 2283
266 442 64 2956
267 216 74 3508
267 307 98 6934
267 325 83 5813
267 457 43 5930
267 470 85 6062
268 332 93 6916
268 339 60 6796
268 495 45 8550
268 508 91 5473
269 171 89 6213
269 193 78 7155
269 225 48 861
269 227 55 3658
269 233 29 6682
269 316 41 2344
269 370 37 2914
269 437 52 2535
269 438 99 1186
269 506 47 993
269 517 67 2584
270 109 54 6012
270 142 51 8465
270 147 7 3547
270 175 14 8449
270 212 20 1802
270 220 61 7749
270 289 57 3861
270 632 10 5363
271 28 18 3790
271 29 96 3458
271 60 34 8033
271 156 23 8337
271 186 19 5273
271 228 22 1617
271 243 65 9341
271 405 52 9670
271 469 52 2755
271 481 34 4510
271 542 1 5147
271 623 58 1672
272 477 1 3970
272 523 21 8609
272 580 30 4382
272 583 23 5348
272 652 71 8718
273 71 57 4304
273 131 2 4232
273 215 92 20
273 262 4 8514
273 449 89 5769
273 555 54 8540
273 591 38 9557
273 668 46 9924
274 53 66 3947
274 62 70 3375
274 163 70 4722
274 188 44 7742
274 355 30 5174
274 408 23 4
274 438 73 6646
274 591 22 2029
274 601 1 1823
274 625 12 6293
274 644 95 2116
275 16 58 2535
275 376 84 5363
275 437 26 9673
275 520 19 5072
275 652 96 5336
276 74 70 1018
276 159 10 7339
276 615 39 2405
277 182 81 5421
277 234 78 3555
277 407 24 802
277 427 52 4145
277 585 83 205
277 608 20 1794
277 669 97 6866
278 36 9 4006
278 60 52 8144
278 257 68 3177
278 457 17 638
278 469 100 3764
278 518 73 9969
278 569 81 1034
279 29 60 520
279 452 38 5092
279 454 92 7368
279 474 46 7715
280 55 69 1550
280 68 12 7351
280 161 54 6883
280 223 45 4602
280 244 48 9405
280 300 7 5851
280 332 49 7974
280 382 27 1717
280 484 63 9979
280 596 80 935
281 52 47 261
281 54 20 9958
281 135 32 8109
281 176 49 9423
281 196 76 47
281 288 89 3645
281 318 96 1700
281 359 47 3349
281 385 82 2843
281 421 50 8681
281 468 48 2908
281 487 31 6148
281 564 81 9910
281 573 64 5843
281 607 88 3343
281 626 29 6186
281 634 55 7800
282 119 44 3438
282 174 8 7544
282 275 60 1384
282 288 90 2701
282 312 80 9185
282 328 100 5078
282 409 85 9334
282 413 21 3186
282 430 14 6520
282 494 93 2545
282 528 67 3325
282 648 6 530
283 3 67 8693
283 372 24 8647
283 413 30 179
283 555 98 7373
284 390 16 8706
284 411 17 2828
284 528 41 8858
284 554 28 4172
284 604 95 6279
285 258 49 3279
285 259 12 3521
285 265 65 3626
285 340 40 8909
285 387 22 2706
285 495 34 1327
286 274 87 7752
286 306 71 9811
286 400 51 7600
286 493 41 5548
286 495 25 9956
286 649 5 2593
287 76 35 7045
287 139 50 4662
287 143 68 5844
287 154 41 6817
287 171 75 2904
287 267 89 8291
287 276 29 6729
287 450 99 5402
287 485 86 9432
287 587 80 5373
287 607 36 9450
287 656 35 6286
288 15 50 7875
288 270 33 4726
288 317 82 8790
288 364 18 3317
288 589 34 8767
288 646 30 3402
289 139 63 1622
289 194 70 6437
289 213 26 3258
289 382 27 7406
289 660 38 1925
289 661 60 2124
290 426 9 2239
290 515 48 7596
290 631 41 5382
290 635 81 1442
290 649 8 2065
291 7 67 3789
291 21 54 3484
291 95 57 3040
291 198 2 4139
291 370 93 9564
291 461 60 5714
291 562 100 6637
291 601 71 7078
292 51 95 1661
292 172 3 9554
292 298 84 3063
292 318 44 7631
292 369 58 6184
292 635 64 890
293 151 25 8971
293 215 54 3791
293 361 11 160
293 473 26 8920
293 536 99 2228
294 167 58 2343
294 454 43 5169
294 523 56 4143
294 553 6 3378
295 1 20 8552
295 7 38 6574
295 20 57 8821
295 23 88 2600
295 294 3 6645
295 388 36 8518
295 430 34 9112
295 448 40 6840
295 511 55 2951
295 526 99 2880
296 49 70 6549
296 68 59 4927
296 209 91 9602
296 216 47 6946
296 379 44 4604
296 440 75 1315
297 62 55 1713
297 151 41 3963
297 207 85 228
297 219 63 6040
297 240 25 8050
297 314 57 7110
297 386 61 8397
297 426 1 6415
297 564 99 7299
297 578 47 9568
297 620 99 7105
298 55 46 5441
298 105 6 7292
298 145 38 449
298 218 96 5413
298 285 16 1402
298 445 25 2356
298 476 65 4009
298 533 35 8279
298 571 48 2159
298 616 28 957
298 645 21 9840
299 132 53 5921
299 155 55 7051
299 181 72 1901
299 188 70 9770
299 338 5 3815
299 346 63 2063
299 403 58 300
299 439 11 5705
299 502 12 6978
299 586 7 2836
299 618 85 2471
300 87 97 4620
300 130 49 9596
300 207 30 3428
300 374 52 8750
300 413 67 6256
300 431 71 5873
300 621 58 4242
300 623 25 2627
301 61 63 9482
301 158 93 1925
301 245 44 6603
301 261 77 406
301 517 7 4288
301 562 84 9413
301 582 76 3068
302 190 35 6672
302 330 39 5335
302 619 19 7169
302 656 62 3171
303 113 18 8381
303 217 78 6940
303 235 5 5436
303 245 33 4730
303 283 14 7896
303 422 63 3559
303 471 72 8458
303 586 61 4748
304 77 63 2467
304 193 88 2598
304 296 32 8863
304 299 66 6466
304 450 86 9704
304 475 1 4504
304 505 24 6914
305 79 26 9142
305 84 94 9804
305 91 81 5899
305 298 39 3614
305 331 80 6004
305 352 61 3894
305 371 62 384
305 434 51 9722
305 453 84 1213
305 472 41 6871
306 25 11 6772
306 85 33 5828
306 130 37 3970
306 314 83 1389
306 363 73 5107
306 414 3 2499
306 431 100 9948
306 561 2 3032
306 660 98 3892
307 23 97 5529
307 98 95 857
307 138 22 5809
307 233 93 1772
307 327 82 9076
307 391 37 422
307 425 98 9499
307 463 93 4382
308 141 78 6782
308 213 51 9912
308 428 22 6823
308 429 70 2824
308 668 21 1969
308 674 24 7974
309 25 1 7673
309 67 65 7997
309 110 2 8112
309 209 6 8975
309 296 72 9150
309 350 47 2153
309 372 25 6435
309 513 75 6874
309 529 85 6119
309 594 55 3962
309 622 100 9605
309 654 73 7422
310 127 27 1595
310 188 97 2100
310 200 63 2072
310 403 73 4915
310 530 45 8290
310 547 64 2946
311 31 53 821
311 238 20 9376
311 268 70 9018
311 360 28 4546
311 606 4 454
311 616 19 4088
311 632 73 2673
311 663 1 9472
312 12 29 4626
312 107 45 5055
312 166 20 6194
312 194 6 9782
312 202 65 9931
312 206 49 8009
312 225 72 6664
312 310 6 3676
312 384 84 9226
312 390 51 7453
312 413 95 930
312 445 50 2751
312 458 84 9768
312 541 90 7956
313 37 40 7591
313 57 79 1068
313 96 16 7024
313 137 74 8435
313 162 17 2332
313 191 68 1481
313 288 62 1968
313 320 42 3185
313 328 31 3147
313 387 60 6114
313 514 24 6262
313 533 18 9671
314 92 91 8267
314 113 21 8574
314 236 34 5610
314 378 81 6825
314 408 100 6660
314 591 44 1767
315 75 35 3070
315 77 53 9603
315 183 1 7473
315 236 35 4014
315 402 92 3276
315 454 50 4423
315 540 75 6761
315 590 88 1498
316 20 22 3158
316 31 68 6564
316 44 24 9940
316 143 90 5810
316 155 50 722
316 304 86 5101
316 312 33 9582
316 344 20 3767
316 542 3 6124
316 564 21 755
316 594 96 7156
317 64 68 9388
317 93 83 4669
317 147 62 9557
317 197 29 3401
317 479 7 802
317 507 58 8574
317 575 17 4334
318 19 14 1558
318 20 95 415
318 100 80 1832
318 106 67 6012
318 163 13 5086
318 269 31 415
318 277 10 5851
318 406 69 1157
318 548 58 2288
319 60 96 2493
319 71 8 7057
319 81 49 4736
319 105 58 9455
319 122 89 3367
319 123 81 1958
319 251 100 9246
319 348 15 4194
319 426 12 5794
319 488 26 7878
319 617 6 3790
320 182 16 7936
320 211 5 6877
320 279 38 1725
320 436 33 9496
320 463 65 4929
320 510 88 3672
320 544 37 388
320 665 8 5146
321 112 95 6648
321 135 13 6927
321 159 5 6212
321 191 24 8472
321 350 58 8535
321 382 65 9135
321 400 64 2422
321 614 24 2079
322 205 9 3480
322 288 55 6847
322 318 5 6988
322 350 94 5569
322 538 68 1033
323 127 40 6604
323 355 72 3999
323 422 2 3966
323 430 99 6614
323 500 44 1955
323 508 77 9767
323 594 26 5934
324 12 1 4691
324 36 20 1065
324 53 64 4344
324 77 95 173
324 340 75 8450
324 380 71 5731
324 455 89 6064
324 528 51 6408
324 543 48 3243
325 1 63 1219
325 166 93 7464
325 543 85 591
325 551 77 2428
326 7 98 3254
326 108 95 9323
326 137 39 6847
326 344 65 3311
326 467 63 3829
326 607 6 3758
327 14 1 8180
327 143 7 7371
327 145 11 347
327 165 86 7913
327 223 6 3233
327 312 55 2468
327 314 51 4748
327 370 32 5987
327 473 90 360
327 474 15 587
327 632 65 6961
328 104 10 1856
328 281 59 6626
328 308 66 4422
328 386 54 9171
328 403 79 806
328 431 2 6737
328 434 28 7612
328 531 35 665
328 535 77 6540
328 626 97 3031
328 627 7 4700
329 31 30 8938
329 82 86 5820
329 304 50 5452
329 319 58 5614
329 369 64 9019
329 384 69 8923
329 390 45 8986
329 456 44 2450
329 528 56 1522
330 206 56 1858
330 264 58 4135
330 270 21 1692
330 410 100 7697
330 621 83 8696
331 72 80 3589
331 105 47 1209
331 129 79 433
331 145 80 4528
331 212 84 6138
331 223 93 1000
331 235 56 314
331 247 22 7152
331 335 99 3265
331 367 2 7455
331 464 38 9209
331 563 64 5747
331 668 43 1484
332 11 90 8142
332 19 33 8372
332 165 90 2612
332 282 60 2936
332 440 20 7190
332 486 20 7200
332 505 17 1956
332 580 89 4562
332 608 55 4844
332 673 75 2876
333 30 48 4173
333 125 92 7949
333 162 27 3629
333 179 57 3642
333 183 75 6851
333 553 26 3164
333 638 45 7010
334 53 35 4534
334 301 21 9846
334 341 21 9792
334 415 36 3541
334 551 43 8752
334 598 48 3031
334 629 13 4802
335 124 27 4539
335 136 29 2574
335 197 12 6520
335 253 74 6690
335 311 100 382
335 313 32 5874
335 398 32 1809
335 498 37 8576
335 502 18 6923
335 516 61 4790
336 47 68 3282
336 199 81 3803
336 231 74 4276
336 494 7 1373
336 594 58 2219
336 610 74 7884
337 119 58 6554
337 148 9 1821
337 263 25 34
337 466 10 5924
337 515 15 8841
337 518 97 3999
337 557 1 7185
338 71 26 5818
338 503 7 8387
338 661 59 874
339 27 20 1540
339 103 77 7545
339 116 67 3583
339 136 17 5824
339 234 53 1442
339 251 60 5262
339 405 95 6868
339 443 82 3771
339 513 54 1944
339 577 94 20
340 56 36 1490
340 99 18 4137
340 466 74 2944
341 121 6 9132
341 180 82 3265
341 313 5 5701
341 348 4 1033
341 409 97 6970
341 530 67 8513
341 580 93 3120
342 175 6 2852
342 306 33 4300
342 323 72 8167
342 402 22 5677
342 454 10 4115
342 460 96 7245
342 647 56 6066
342 658 33 6981
343 35 61 4039
343 36 12 3042
343 183 3 2468
343 211 94 2106
343 238 1 4690
343 345 27 819
343 630 54 4571
343 634 90 5859
343 662 75 5023
344 30 10 6198
344 202 41 931
344 220 26 9650
344 372 45 3921
344 409 46 7000
344 428 38 979
344 476 80 1698
344 618 17 6443
345 85 39 2319
345 330 10 6184
345 422 76 8762
345 444 73 2554
346 374 81 6778
346 513 76 9870
346 561 36 7250
347 47 44 9145
347 104 99 784
347 254 27 8024
347 255 85 1471
347 428 97 31
347 441 22 4634
347 442 61 5153
347 448 32 8729
347 557 95 7422
347 653 47 6857
348 4 6 8174
348 256 70 830
348 330 79 1550
348 347 8 554
348 605 72 6595
348 622 56 9015
348 657 92 3954
349 221 99 8518
349 319 30 6583
349 409 89 6626
349 490 65 1162
349 515 59 6677
349 586 67 3942
349 619 5 613
349 649 64 2803
350 37 69 1321
350 257 76 9439
350 351 2 4406
350 495 40 2461
350 644 60 5111
351 55 56 9115
351 96 26 1147
351 292 20 276
351 359 64 4101
351 433 10 6004
351 482 26 2527
351 615 18 8337
352 88 3 6184
352 148 78 4608
352 199 96 9993
352 201 10 617
352 205 65 4738
352 261 7 6167
352 391 95 3746
352 442 27 454
352 452 57 4034
352 621 20 9334
353 35 80 1692
353 235 61 1196
353 449 92 5522
353 533 51 2870
353 663 48 7068
354 92 58 7251
354 144 51 6187
354 326 10 6399
354 392 80 1971
354 529 15 3844
354 620 60 3421
354 631 62 8555
355 221 66 4989
355 226 60 2374
355 255 22 7632
355 263 59 554
355 284 23 371
355 328 49 1466
355 342 93 5299
355 406 87 3940
355 464 19 8244
355 501 42 8321
355 577 31 2103
356 118 19 6962
356 143 74 8085
356 203 57 3485
356 293 5 3519
356 348 39 5023
356 403 59 3751
356 471 48 232
356 502 82 8159
356 587 85 704
356 671 29 8885
357 71 21 4421
357 388 36 9208
357 480 13 9254
357 602 3 8606
357 618 26 8233
358 81 9 8645
358 168 46 1134
358 197 29 8703
358 216 70 4586
358 373 73 9361
358 443 8 3431
358 504 11 9707
358 507 62 4492
358 512 65 799
358 552 47 2746
359 14 35 6419
359 150 18 6570
359 392 26 4582
359 477 75 9429
359 491 88 6101
360 12 13 248
360 14 97 1911
360 17 33 7825
360 64 13 8702
360 164 62 9185
360 498 62 4721
360 510 67 7524
361 148 28 8980
361 165 15 8644
361 206 78 9913
361 351 41 2165
361 375 32 1259
361 462 86 8309
361 482 40 7261
361 488 89 5379
361 541 13 4454
361 563 26 7161
361 640 64 9710
362 59 37 6976
362 144 64 99
362 153 12 9177
362 189 19 1478
362 198 1 5598
362 250 9 5067
362 287 94 2939
362 382 80 8334
363 45 3 7663
363 129 92 188
363 143 71 1784
363 168 100 60
363 242 62 3512
363 283 13 9140
363 346 72 876
363 364 49 2009
363 424 3 3612
363 431 59 3066
363 574 89 3277
363 605 95 5841
364 112 27 7703
364 154 7 5820
364 188 41 2238
364 290 53 5743
365 51 100 3745
365 555 31 2223
365 630 28 9730
366 14 82 9041
366 24 94 3146
366 237 80 6617
366 450 73 7029
366 479 77 927
366 506 92 3435
366 620 92 6132
367 53 64 4886
367 59 72 8290
367 140 88 9231
367 182 9 3229
367 383 68 4613
367 407 23 7720
367 438 57 7605
367 512 42 236
367 558 35 2223
367 624 77 3280
368 108 20 7456
368 130 48 8444
368 132 36 1225
368 411 70 4180
368 456 11 3361
368 524 11 4074
368 536 98 8635
369 10 15 7185
369 89 65 9175
369 98 65 5684
369 149 88 2088
369 173 3 8496
369 238 92 3344
369 283 32 3378
369 323 18 4360
369 406 9 3637
369 624 15 9257
370 20 80 9003
370 155 33 7801
370 197 82 7843
370 365 61 9844
370 406 69 2110
370 437 78 6983
370 571 95 2694
371 2 58 6059
371 55 78 6297
371 314 98 1780
371 366 92 4190
371 385 24 3523
371 496 19 7041
371 547 82 6928
371 555 30 6049
371 603 84 5461
372 64 3 3016
372 147 62 4584
372 260 58 774
372 287 79 5478
372 389 84 9257
372 403 61 8530
372 419 50 4970
372 531 88 327
372 544 66 5438
372 565 7 6057
372 643 27 3582
373 110 32 3545
373 196 74 165
373 287 24 4003
373 302 65 3007
373 345 16 3967
373 595 74 9077
374 73 2 9584
374 135 2 5681
374 181 61 9085
374 236 89 7521
374 417 14 3238
374 506 42 8554
374 529 17 107
374 575 91 8375
374 585 16 9969
374 616 56 4799
374 628 65 5281
374 641 63 6689
375 141 84 7528
375 161 47 5099
375 171 46 8421
375 201 27 9100
375 306 4 6728
375 388 80 3064
375 519 65 2420
375 583 37 6130
376 111 57 5778
376 168 35 1925
376 365 37 1377
376 394 99 4752
376 461 97 8606
376 490 2 7562
376 546 87 864
376 576 2 9522
376 649 43 3000
376 666 72 2589
377 6 20 1498
377 89 40 5775
377 214 77 2819
377 285 91 3093
377 434 90 2127
377 533 23 3598
377 636 56 6609
377 666 23 6492
377 671 86 5821
378 29 95 5682
378 235 79 3496
378 241 95 1017
378 378 12 6548
378 446 38 5454
379 69 100 7861
379 73 94 7319
379 109 10 2433
379 151 46 286
379 241 3 4636
379 309 31 3192
379 398 14 8953
379 526 90 7369
379 619 13 2312
379 633 13 9898
379 635 84 7807
379 664 32 1614
379 668 55 7878
380 49 30 8366
380 286 78 9519
380 293 71 6677
380 355 79 4565
380 367 47 3088
380 458 49 6144
380 576 26 4952
380 634 79 9456
381 111 95 244
381 121 60 1284
381 195 13 3024
381 247 47 7825
381 260 74 783
381 326 83 7557
381 390 48 5989
381 575 34 1378
381 648 54 2563
382 23 48 877
382 115 91 979
382 146 41 2290
382 288 66 8789
382 313 33 143
382 497 92 5564
382 524 50 4587
382 662 7 7061
383 59 70 9771
383 124 85 2169
383 290 47 9358
383 474 3 5930
383 496 14 8050
384 71 18 8699
384 146 79 2624
384 174 14 3027
384 189 100 3204
384 218 5 5292
384 254 93 4422
384 261 32 278
384 273 17 524
384 336 41 6866
384 623 10 1647
384 655 79 7331
385 10 18 363
385 66 51 5364
385 198 72 5153
385 413 45 9337
385 498 3 5915
385 523 87 8981
386 41 90 2000
386 75 7 4741
386 83 56 2363
386 176 32 3400
386 302 85 463
386 309 77 7701
386 369 86 9517
386 382 18 2447
386 503 16 1196
386 518 78 8933
386 519 10 5628
386 595 48 333
386 608 33 4645
386 633 69 335
386 641 59 4056
387 76 67 1800
387 103 7 4026
387 239 40 3962
387 357 88 6571
387 427 62 9524
387 578 85 7390
387 621 76 723
387 622 7 4494
387 641 69 4422
388 6 41 9298
388 185 6 6303
388 280 78 6705
388 295 35 4762
388 304 49 6304
388 403 96 8259
388 448 11 7114
388 461 58 9117
388 501 39 6597
388 526 31 3879
388 663 19 3144
389 2 54 9256
389 17 33 3330
389 80 78 3791
389 115 75 9498
389 121 12 6215
389 149 48 4269
389 259 69 2777
389 260 74 5504
389 277 38 2322
389 298 7 8985
389 299 33 4869
389 316 98 6990
389 371 37 3589
389 372 39 9767
389 457 19 9457
389 598 62 3572
390 156 12 9795
390 253 53 5041
390 365 85 7427
390 402 39 8149
390 488 94 6038
390 503 17 8862
390 669 14 9742
391 124 65 6351
391 141 16 2523
391 406 35 5348
391 445 43 7784
392 62 37 4080
392 121 72 8627
392 166 98 1542
392 312 84 9460
393 23 14 3147
393 104 6 8366
393 109 88 5542
393 293 45 9078
393 297 42 8490
393 336 67 2459
393 374 51 280
393 525 100 8068
393 538 82 6967
394 93 42 8316
394 143 14 685
394 271 51 1003
394 365 16 175
394 384 29 1313
394 432 16 4064
394 510 24 3181
394 619 11 9081
395 141 99 1750
395 157 23 43
395 178 79 4664
395 208 84 8645
395 227 74 2234
395 307 24 2026
395 554 53 1905
395 626 92 9947
396 127 72 7658
396 181 83 9022
396 232 60 8098
396 267 48 8288
396 398 62 7264
396 498 4 9238
396 548 44 5914
396 640 18 4694
396 673 15 9292
397 71 88 1193
397 75 8 5971
397 94 37 3781
397 142 57 5112
397 277 58 1209
397 407 68 7502
397 503 7 9939
397 581 59 4489
397 647 12 3818
398 87 86 860
398 280 57 4700
398 433 75 7160
398 494 37 1270
398 512 25 2254
398 529 64 3439
399 41 46 7051
399 56 83 1853
399 72 74 819
399 252 85 3930
399 307 82 495
399 314 90 5649
399 437 96 8997
399 645 39 9506
400 250 85 7251
400 251 75 2423
400 291 62 8131
400 414 74 5288
400 461 43 7410
400 508 57 7419
400 568 63 8872
400 639 58 7560
401 221 23 1840
401 275 64 1648
401 344 11 4101
401 510 77 1292
401 585 95 3418
402 187 93 8942
402 245 14 5231
402 354 47 2251
402 484 33 4473
402 520 25 9646
403 67 3 4498
403 73 33 597
403 251 7 1490
403 275 16 7921
403 296 13 5225
403 306 33 8987
403 489 64 3948
403 520 34 2426
404 85 48 6210
404 149 70 8994
404 172 28 3362
404 216 87 8393
404 617 44 9085
405 57 95 129
405 207 57 8019
405 566 74 2512
405 583 68 1059
405 615 8 774
406 206 48 7475
406 315 47 5612
406 348 99 3231
406 381 99 6115
406 400 78 5232
406 453 92 5226
406 559 94 4961
407 52 71 3773
407 162 74 4858
407 166 65 5970
407 285 42 9160
407 389 98 7499
407 559 30 5871
407 672 10 2398
408 229 29 9469
408 275 23 5828
409 47 44 4569
409 65 40 9642
409 92 99 2390
409 129 8 4977
409 193 21 7000
409 445 54 5414
410 1 60 7124
410 42 86 2986
410 122 33 7703
410 325 55 2275
410 371 62 1404
410 380 25 6743
411 12 74 6134
411 21 40 555
411 66 2 8663
411 87 34 8897
411 121 31 525
411 238 91 7382
411 253 14 6998
411 537 10 6887
411 546 97 1615
411 570 100 2309
411 661 38 7838
412 220 46 3423
412 260 92 600
412 277 97 8753
412 282 3 1821
412 520 47 5628
412 584 6 987
412 605 34 6259
412 606 49 1620
413 5 56 9231
413 107 96 46
413 292 12 7762
413 377 95 1673
413 429 48 3744
413 524 87 3299
413 528 52 8377
414 108 88 7697
414 160 99 9379
414 254 48 3847
414 339 83 3002
414 404 67 6330
414 535 29 9972
414 579 16 7515
414 653 82 6964
414 675 34 7737
415 1 46 7629
415 19 34 5510
415 21 42 7529
415 62 82 6389
415 114 72 6821
415 150 88 3675
415 232 97 7175
415 253 23 3347
415 349 54 2370
415 485 93 7388
415 653 71 9211
415 660 17 351
416 54 34 1032
416 143 65 8115
416 159 47 3350
416 285 4 3245
416 326 31 6337
416 349 54 9072
416 450 17 2287
416 567 61 7840
416 583 7 1500
416 654 14 655
416 665 26 9236
417 167 1 7931
417 179 57 7545
417 215 19 3327
417 218 55 9035
417 233 78 2288
417 277 19 7894
417 502 3 765
417 528 44 2606
418 85 9 8574
418 155 94 9114
418 182 45 5511
418 252 1 9457
418 321 50 6859
418 383 56 1216
418 507 14 5982
418 536 3 7866
418 549 12 4760
418 602 11 5582
418 629 38 2165
419 9 17 4467
419 373 5 1035
419 467 61 1207
419 493 51 9956
419 500 64 8512
419 599 29 5457
419 675 25 2525
420 19 67 5377
420 22 82 669
420 187 36 9289
420 214 36 6101
420 257 22 5038
420 371 66 1886
420 373 49 5728
421 20 67 587
421 121 45 2083
421 513 53 5049
421 552 69 3765
421 588 55 7620
421 668 20 2770
422 5 83 8600
422 146 26 6459
422 417 77 5545
422 522 36 5810
422 551 65 423
422 594 98 800
422 611 23 6720
423 32 37 6840
423 193 5 8338
423 482 68 2423
423 562 24 6812
423 608 6 328
424 43 60 326
424 235 93 4466
424 451 97 4164
424 477 35 6779
424 517 64 1812
425 5 38 6592
425 206 56 1425
425 283 1 9920
425 301 47 7498
425 310 71 4721
425 386 69 2908
425 486 60 5525
425 499 97 479
425 617 48 6520
426 246 90 8805
426 332 47 5501
426 373 82 7291
426 396 18 9779
426 491 7 9904
426 674 9 570
427 29 16 6146
427 111 13 5423
427 319 22 5913
427 665 43 5768
428 34 62 2413
428 72 40 6683
428 138 72 8400
428 182 59 9268
428 197 78 2858
428 322 39 2520
428 521 62 5338
428 544 20 3496
428 673 80 690
429 29 74 6786
429 34 93 6182
429 126 7 8660
429 231 80 7219
429 246 83 2601
429 252 31 9425
429 270 21 2893
429 344 89 1560
429 386 27 6213
429 639 11 4485
429 645 80 5189
429 656 43 3971
430 183 8 5356
430 362 8 2079
430 487 51 8287
430 496 68 2124
430 553 25 9713
430 625 6 5131
430 638 72 3337
431 159 50 2454
431 180 37 5480
431 469 30 7009
431 544 24 6419
431 630 69 650
431 642 83 4879
431 666 87 814
432 16 19 8829
432 86 84 478
432 163 84 443
432 204 57 3035
432 302 82 1676
432 384 10 6506
432 518 40 6167
432 599 36 2464
432 625 3 3985
432 647 17 1792
433 108 17 9499
433 123 100 540
433 152 69 3720
433 204 42 1251
433 280 51 9028
433 326 64 7721
433 351 8 6848
433 571 99 8391
433 652 42 7107
434 133 77 8723
434 225 34 9287
434 361 28 2874
434 435 53 6864
434 631 37 1308
435 50 100 6605
435 84 99 3016
435 95 3 8250
435 216 8 8371
435 220 70 7449
435 282 21 3272
435 312 28 8037
435 355 92 7035
435 457 36 5542
435 603 77 4877
435 632 48 9554
436 158 100 7782
436 191 40 5179
436 335 7 644
436 371 42 8695
436 376 51 9242
436 391 99 5049
436 510 9 1402
436 526 51 8516
436 533 24 7972
436 601 16 2097
437 140 43 1495
437 178 85 8586
437 251 29 7720
438 24 80 6658
438 37 96 9479
438 76 11 2547
438 483 60 1402
438 522 26 618
438 608 97 9767
438 640 12 348
439 99 60 4611
439 107 48 3969
439 131 64 1398
439 139 84 4839
439 153 69 1152
439 157 87 6963
439 291 46 9771
439 309 1 7527
439 348 90 2380
439 361 84 6438
439 367 58 394
439 422 84 5470
439 487 47 6709
439 556 87 6543
439 576 28 1751
440 119 42 4539
440 121 13 4990
440 154 59 1428
440 337 39 7343
440 338 66 2108
440 370 46 5905
440 411 22 7491
440 550 75 7322
441 51 17 9517
441 75 1 9200
441 86 54 7911
441 225 45 1289
441 236 80 443
441 378 50 5818
441 395 86 7177
441 433 20 227
441 651 67 6632
442 52 68 2926
442 54 59 4307
442 82 20 677
442 121 14 1465
442 265 81 1835
442 406 55 8607
442 442 9 324
442 463 23 1561
442 489 23 428
442 497 71 1820
442 501 17 9202
442 560 62 6066
442 603 72 9247
442 614 94 5291
443 68 26 4012
443 80 75 7393
443 114 37 6333
443 249 99 3556
443 327 61 4464
443 411 72 6293
443 485 51 327
443 645 100 4511
444 96 50 9374
444 121 71 6524
444 245 2 1894
444 295 43 1518
444 308 95 605
444 344 35 8818
444 386 3 9880
444 468 9 2028
444 520 91 2383
444 552 73 828
445 107 67 3823
445 124 35 4780
445 206 87 2107
445 347 72 7289
445 452 85 5971
445 475 99 5786
445 608 45 7869
446 79 9 1498
446 273 14 7004
447 251 15 3561
447 396 8 3301
447 414 78 162
447 448 80 2838
447 479 42 3422
448 95 72 4314
448 279 49 6639
448 346 88 1336
448 367 18 9126
448 637 42 8841
449 67 14 2226
449 69 12 4564
449 163 63 6508
449 185 85 6671
449 244 5 4898
449 319 26 7371
449 404 58 7633
449 645 71 836
449 654 47 202
450 54 25 2688
450 121 23 1597
450 355 53 4224
450 477 87 7840
450 560 59 2356
451 16 18 9000
451 178 96 9731
451 247 77 2359
451 280 47 1939
451 547 66 9431
451 559 61 6870
451 631 80 4987
451 664 40 9138
452 84 71 1262
452 99 25 9469
452 449 15 6349
452 626 56 1438
453 9 97 1860
453 83 61 8883
453 136 52 1219
453 139 90 9369
453 168 70 8786
453 191 51 498
453 196 96 6097
453 331 88 6362
453 352 27 100
453 353 31 2559
453 469 86 3823
453 502 96 409
453 526 36 4372
453 552 77 9251
453 657 72 8385
454 83 88 1369
454 104 44 2700
454 192 3 2647
454 278 70 545
454 423 15 3191
454 610 30 7466
454 615 88 6825
455 113 62 8827
455 133 38 5441
455 457 26 9121
456 108 51 364
456 178 95 6046
456 285 24 730
456 314 69 7000
456 399 80 3840
456 674 36 7019
457 17 60 8332
457 167 18 4515
457 170 78 6339
457 272 59 2993
457 352 29 740
457 488 10 9568
457 587 16 6723
457 619 94 3454
457 655 15 7320
458 51 74 2865
458 80 35 1868
458 126 62 1158
458 209 49 2030
458 271 9 8929
458 275 22 6245
458 362 99 133
458 395 76 8369
458 473 47 5553
458 613 7 9705
458 616 97 4236
459 7 44 8058
459 20 3 4360
459 42 81 8549
459 75 65 3295
459 133 20 6738
459 367 12 6254
459 373 57 7773
459 464 11 3905
459 498 55 1919
459 500 85 4728
459 519 15 1484
459 532 60 9090
459 603 52 9507
459 649 95 4558
459 654 63 5891
460 149 45 2359
460 218 1 5300
460 334 70 5081
460 340 48 7234
460 354 27 2419
460 370 23 7238
460 416 72 1631
460 627 63 2434
461 112 35 3869
461 180 4 1072
461 425 96 5219
462 100 55 9807
462 357 60 2406
462 488 13 1654
463 24 15 1228
463 482 97 4812
463 531 86 4197
463 670 11 6655
464 114 29 310
464 158 40 355
464 305 28 6914
464 348 45 7751
464 366 44 1659
464 391 84 4078
464 419 79 7239
464 552 1 6826
464 560 57 4055
465 21 32 9469
465 24 12 2297
465 161 74 6127
465 212 24 1370
465 216 38 3461
465 308 18 7400
465 314 67 3898
465 359 9 6706
465 439 5 6788
465 525 19 901
466 96 38 2162
466 219 11 1073
466 403 91 789
466 474 11 4092
466 486 14 7120
466 505 98 4245
466 520 88 7310
466 618 41 4061
467 227 88 6416
467 253 83 725
467 392 76 52
467 570 76 6342
467 640 50 2184
468 43 99 906
468 63 71 3017
468 113 6 3508
468 152 30 716
468 296 80 473
468 317 4 9242
468 397 16 5469
468 437 61 1765
468 497 65 9300
468 672 74 2606
469 1 61 8861
469 40 73 1495
469 52 37 5249
469 63 98 412
469 169 42 8199
469 277 47 7341
469 395 4 4269
469 411 9 909
469 613 28 8239
469 623 76 5059
470 113 63 5831
470 188 1 2330
470 264 99 7013
470 324 94 3716
470 333 13 9520
470 359 73 6025
470 361 80 8045
470 434 19 669
470 448 93 1768
470 506 32 7587
470 533 67 2731
470 661 27 9070
471 54 99 1635
471 133 31 7479
471 208 25 658
471 209 37 1287
471 232 89 3189
471 241 16 4139
471 297 2 4062
471 314 54 6514
471 370 81 526
472 11 38 8312
472 33 71 6408
472 54 32 8215
472 112 75 2764
472 328 1 8141
473 39 46 727
473 159 63 5196
473 163 14 9893
473 182 74 4938
473 196 50 5211
473 362 25 3390
473 369 99 6192
473 421 29 4952
473 426 53 5382
473 434 65 185
474 22 60 4002
474 63 97 7182
474 212 9 3828
474 385 96 8584
474 392 43 7549
475 65 76 4788
475 125 27 6638
475 215 84 3340
475 216 30 9009
475 220 78 3432
475 235 19 854
475 495 73 8970
475 516 97 701
475 554 21 3650
476 31 35 1738
476 149 86 4694
476 180 39 8682
476 218 75 2500
476 329 10 3622
476 420 83 5452
477 167 22 4158
477 191 92 2149
477 228 96 2927
477 253 88 3677
477 372 35 117
477 393 60 2506
477 402 70 6633
477 431 27 719
477 465 85 1747
477 555 20 6119
478 37 36 905
478 43 64 5575
478 68 87 5390
478 337 74 8448
478 354 12 5508
478 420 51 2885
478 439 17 6842
478 458 33 3164
478 521 68 6873
478 589 93 8055
478 646 89 6652
479 25 60 4311
479 377 36 8386
479 389 29 3321
479 402 84 5748
479 499 91 6320
480 126 4 2955
480 200 46 2590
480 266 96 6319
480 478 89 59
480 506 78 7640
481 76 44 4194
481 138 33 7976
481 174 58 6953
481 189 48 550
481 203 7 8189
481 265 53 5566
481 588 51 3189
481 651 3 231
481 658 61 6786
482 9 30 8651
482 31 57 5333
482 334 57 7702
483 30 75 2653
483 58 72 1663
483 132 63 8549
483 176 54 2006
483 281 95 6487
483 298 82 6452
483 307 39 1181
483 318 53 4797
483 363 21 6905
483 482 14 923
483 496 45 7016
483 502 53 9305
483 506 53 3482
483 519 8 5962
483 620 67 8616
483 657 63 5793
484 297 68 387
484 364 55 331
484 433 35 3109
484 495 88 4381
484 614 47 8669
484 622 32 9385
485 357 2 536
485 401 33 8274
485 455 41 7246
485 603 97 3885
486 57 61 349
486 100 42 765
486 449 83 3849
486 534 26 1701
486 556 64 6741
487 8 93 84
487 66 27 4947
487 88 66 2413
487 165 7 5453
487 280 94 353
487 397 74 3977
487 448 89 3027
487 471 13 6621
487 649 100 1953
488 101 66 496
488 104 89 4478
488 163 45 1730
488 220 95 7379
489 114 30 4672
489 125 79 4394
489 144 12 6571
489 188 29 8538
489 237 69 3946
489 290 3 8628
489 320 50 4096
489 329 80 6223
489 387 24 1421
489 616 1 8936
490 15 41 6901
490 35 40 8259
490 176 96 5781
490 240 88 4592
490 341 10 682
490 446 70 5792
490 612 54 7400
491 135 37 6765
491 178 22 7365
491 197 55 8191
491 267 10 8957
491 279 18 3411
491 382 4 2149
491 516 34 3827
491 563 69 5234
492 18 15 7962
492 39 86 6354
492 291 20 5882
492 330 34 5307
492 335 25 5996
492 601 41 5147
493 24 87 4046
493 157 46 8323
493 170 62 2868
493 177 39 8816
493 246 10 9700
493 318 24 579
493 337 10 9879
493 342 27 9095
493 624 58 2648
494 24 81 9172
494 148 9 9166
494 220 77 3180
494 289 99 363
494 532 38 8224
494 618 10 7178
495 38 70 4496
495 86 23 2267
495 140 70 8385
495 201 34 1208
495 304 52 8895
495 314 59 4028
495 342 73 368
495 370 58 8552
495 377 63 315
495 483 99 6495
495 495 38 1807
495 576 60 7715
496 231 38 7059
496 239 29 6175
496 287 34 7138
496 597 53 5003
497 33 33 927
497 43 21 7154
497 216 63 8755
497 291 61 5567
497 382 1 1971
497 550 94 3474
497 615 38 9851
497 623 25 8152
498 26 66 9575
498 132 46 2355
498 137 81 6658
498 175 69 2718
498 216 16 4497
498 333 92 1701
498 548 34 8596
498 654 55 9618
499 11 75 6675
499 57 71 1537
499 233 81 1483
499 252 3 5782
499 273 53 6696
499 287 55 2143
499 377 99 7631
499 422 46 9416
499 489 5 1292
499 603 70 4937
499 653 1 8191
499 655 6 4368
500 240 39 9249
500 358 68 673
500 370 97 9122
500 403 42 71
500 508 96 9765
500 552 7 7577
500 555 47 5062
501 16 58 1052
501 54 9 8964
501 188 46 1007
501 498 46 6191
501 559 74 6502
501 561 34 8544
502 248 38 8134
502 455 86 1795
502 472 1 2124
502 586 43 8568
502 594 48 5239
502 609 41 5790
502 665 61 9837
502 676 54 3268
503 29 65 3152
503 66 29 3474
503 139 55 6437
503 163 37 100
503 190 96 1734
503 194 43 569
503 313 35 2828
503 360 64 9672
503 409 62 4901
503 532 18 9814
503 673 25 8860
504 74 34 6172
504 121 51 8774
504 133 13 2111
504 325 62 218
504 391 30 8726
504 430 70 6410
504 432 99 276
504 440 47 987
504 573 28 2994
504 608 20 9370
504 650 14 7306
504 651 97 1730
505 36 29 9510
505 85 30 1146
505 229 76 6
505 301 6 6761
505 330 30 6808
505 480 34 842
505 524 70 6848
506 35 60 7000
506 87 25 781
506 250 9 4124
507 20 56 2607
507 102 62 7783
507 177 100 534
507 201 4 1866
507 274 39 2053
507 403 95 1168
507 489 62 6576
507 552 13 3589
507 636 34 8670
507 646 49 5463
508 64 77 2235
508 90 4 7099
508 91 82 3715
508 189 98 1006
508 206 47 7506
508 636 81 1903
508 656 65 2943
509 30 37 8416
509 45 76 9541
509 56 81 7666
509 86 45 227
509 318 33 9506
509 324 55 1146
509 327 47 6088
509 356 67 9795
509 501 50 7996
509 665 81 4205
509 666 94 7462
511 317 72 9191
511 436 20 5118
511 453 48 2652
511 628 72 9512
512 19 46 9409
512 61 28 5421
512 95 1 4560
512 172 39 3245
512 362 39 8271
512 526 2 4293
512 553 68 8548
512 645 80 1935
513 51 95 8281
513 92 30 3075
513 97 37 5023
513 112 89 3108
513 138 65 8060
513 177 26 3612
513 206 11 1597
513 265 76 2657
513 279 5 3755
513 289 29 2657
513 314 14 3867
513 348 1 9452
513 427 38 1355
513 450 96 7905
513 526 2 6827
514 114 91 948
514 204 7 6120
514 335 23 3944
514 355 94 7263
514 363 51 8058
514 426 22 1628
514 440 22 6032
514 581 25 7497
514 593 40 581
514 617 3 9469
514 672 38 2268
515 148 87 5490
515 149 20 8176
515 588 44 8167
516 427 33 3098
516 452 94 8623
516 521 45 6452
516 538 95 4419
516 660 47 8588
517 19 81 150
517 20 98 7002
517 36 77 1019
517 56 86 1353
517 280 67 4425
517 288 86 8821
517 333 45 7875
517 351 88 9932
517 355 64 2807
517 409 59 6560
517 595 26 6891
518 18 57 2319
518 53 14 53
518 54 22 2960
518 69 72 1869
518 91 47 6152
518 116 18 4544
518 293 6 146
518 466 14 8891
518 609 99 3132
519 32 67 6136
519 44 52 9912
519 106 10 3040
519 111 95 7373
519 185 98 653
519 599 84 9523
520 3 96 9940
520 12 93 9409
520 221 45 9667
520 443 68 816
521 32 35 266
521 95 19 9904
521 100 62 2824
521 181 1 9427
521 257 14 4251
521 357 59 7733
521 364 86 4510
521 378 44 4395
521 414 1 190
521 568 20 6099
521 576 42 8403
522 160 73 4737
522 232 95 6518
522 255 97 1039
522 345 84 9216
522 416 6 4070
522 427 34 1524
522 486 25 6995
522 556 48 6725
522 652 21 2413
523 143 28 8979
523 147 45 7713
523 244 41 4140
523 261 60 93
523 291 29 6579
523 329 43 5171
523 492 33 4516
523 547 59 6027
523 619 85 3108
523 665 17 3568
524 105 23 1622
524 153 89 8156
524 226 46 665
524 283 50 7493
524 304 89 7923
524 369 57 1068
524 398 53 2754
524 437 33 9445
524 456 93 3592
524 536 38 1222
525 138 22 2080
525 221 44 7854
525 302 47 9002
525 396 33 331
525 475 9 3649
525 526 50 784
525 570 71 4238
525 644 39 4768
526 27 54 441
526 128 60 4995
526 294 15 4868
526 319 62 7967
526 549 21 1194
527 45 12 4514
527 137 37 3301
527 232 87 7658
527 322 80 4830
527 412 64 8327
527 460 83 2096
527 571 9 2292
527 625 96 5259
528 25 27 7366
528 70 48 8365
528 189 33 7102
528 350 57 744
528 357 96 9871
528 359 64 8157
528 428 90 9584
528 569 3 7953
529 61 49 6839
529 88 53 2535
529 127 49 2984
529 176 64 2712
529 481 10 7547
529 533 59 6319
529 534 90 3254
529 644 29 5616
530 116 20 3776
530 165 32 9104
530 166 29 1841
530 434 100 9324
530 598 63 8163
530 644 33 2252
530 654 98 9535
531 73 4 4547
531 160 25 7808
531 194 33 3573
531 235 92 797
531 245 36 8453
531 390 95 3794
531 486 23 7236
531 503 48 9051
531 580 51 4019
532 5 79 9534
532 44 74 6407
532 85 74 5673
532 131 31 9437
532 140 87 5915
532 231 40 637
532 239 1 4596
532 274 35 4525
532 324 3 4967
532 408 50 3194
532 438 15 7085
532 508 99 3161
532 589 79 9121
533 59 96 4278
533 113 72 9598
533 219 96 3702
533 363 32 7769
533 407 8 6857
533 464 94 2190
533 473 93 6332
533 481 4 4333
533 584 20 9904
533 636 28 4854
533 643 81 7682
534 34 73 1582
534 63 28 8287
534 158 66 5226
534 170 48 5896
534 317 46 8195
534 526 25 8869
534 587 45 4820
534 616 70 3276
534 658 41 9030
535 25 84 5086
535 84 19 2777
535 95 69 5675
535 220 61 1089
535 262 30 8740
535 271 42 2710
535 310 73 2114
535 321 43 10000
535 339 53 5661
535 359 25 4552
535 406 56 5923
535 533 46 8081
535 561 43 6890
535 565 52 65
535 587 17 4544
535 591 94 3001
535 599 29 6664
535 657 29 7398
536 262 38 1941
536 271 86 4268
536 278 32 779
536 284 29 9804
536 671 93 3972
537 95 4 9645
537 215 32 1380
537 309 96 7539
537 336 54 3293
537 364 71 4797
537 561 35 7575
537 565 13 3051
537 638 18 6658
538 26 3 8099
538 85 21 4531
538 155 48 5659
538 172 23 6685
538 188 78 9854
538 196 63 9606
538 410 58 6707
538 443 29 9461
539 130 3 9560
539 266 92 3250
539 269 51 846
539 331 43 5421
539 357 94 9429
539 409 47 3206
539 419 79 1465
539 447 63 4882
539 515 15 9535
539 574 64 7762
540 257 45 8587
540 258 46 7822
540 410 40 8260
540 417 80 4449
540 419 67 3708
540 443 61 4021
540 558 20 7453
540 668 71 9422
541 69 98 165
541 129 42 291
541 189 93 541
541 321 48 8423
541 367 5 9710
541 433 56 7919
541 496 96 5420
541 542 32 7141
541 569 58 6477
541 578 62 5149
541 614 88 5093
541 670 98 6054
542 35 1 9858
542 266 75 4772
542 282 62 3697
542 366 93 1959
542 472 61 5386
542 502 49 3453
542 580 26 8448
542 622 27 4282
543 11 57 7883
543 152 52 105
543 271 2 583
543 325 45 11
543 372 11 8558
543 405 11 4499
543 567 51 7460
543 570 4 8803
543 591 70 6978
543 670 26 7331
544 156 26 4118
544 291 90 886
544 302 55 7890
544 306 90 8133
544 670 38 8917
545 215 14 846
545 221 99 7318
545 349 50 6452
545 362 52 8194
545 374 14 7663
545 416 4 4324
545 445 13 3106
545 560 84 5416
546 14 8 5453
546 52 46 1833
546 442 35 5771
546 497 2 8424
547 269 9 4508
547 347 66 3698
547 434 40 9003
547 459 66 1406
547 476 48 2116
547 536 75 7150
547 614 19 9326
547 642 95 7732
548 22 88 4798
548 79 8 5500
548 144 3 6543
548 153 68 6162
548 239 47 6013
548 258 46 7481
548 455 35 2999
548 540 57 1143
548 559 7 4922
548 561 93 6498
549 85 24 6510
549 276 3 123
549 321 26 2977
549 325 72 9896
549 361 55 5319
549 544 80 5642
549 561 16 2387
549 610 94 4371
549 618 81 1113
550 9 32 3627
550 73 25 4878
550 110 59 1611
550 177 76 9715
550 214 54 1734
550 255 36 298
550 354 32 4911
550 435 7 2486
550 527 34 1784
550 596 15 8657
550 610 80 469
550 647 75 5659
551 26 10 443
551 320 45 9955
551 420 13 9677
551 464 67 5344
551 602 3 4543
551 607 73 7113
551 626 54 4449
552 46 28 5259
552 139 34 7815
552 147 56 765
552 230 26 2362
552 308 51 4111
552 438 46 5065
553 11 19 2177
553 69 85 3094
553 196 35 4346
553 215 88 2231
553 220 1 4700
553 289 7 1719
553 497 95 1561
553 502 62 2968
553 553 73 8767
554 6 68 1852
554 11 25 6301
554 20 67 5932
554 36 18 8744
554 57 45 6668
554 81 6 5142
554 174 84 8324
554 216 18 9968
554 251 69 5152
554 267 13 7656
554 389 82 4965
554 412 55 9288
554 518 36 8750
555 1 48 5649
555 60 69 5873
555 149 15 1836
555 161 24 4791
555 165 88 3742
555 201 74 7905
555 205 37 1718
555 413 24 8042
555 515 60 5359
555 575 66 4177
555 636 26 4134
555 660 81 5991
556 118 90 3062
556 162 7 496
556 196 2 342
556 258 45 5901
556 287 90 7313
556 322 73 6756
556 355 100 5849
556 364 98 9988
556 430 90 4971
556 510 44 8427
556 550 89 5168
556 616 68 9900
556 620 26 9185
556 634 28 2204
557 188 19 2460
557 622 46 1460
557 624 22 8204
557 631 55 575
557 645 46 1200
558 252 75 887
558 313 64 8248
558 387 95 6716
558 456 48 1892
559 101 3 37
559 152 15 7298
559 170 15 6255
559 310 65 1283
559 427 54 9343
559 457 19 2933
559 466 98 137
559 469 93 2443
559 556 96 7266
559 599 46 9903
560 187 40 5543
560 237 54 666
560 418 82 2317
560 420 65 6776
560 433 84 5712
560 520 67 8438
560 594 49 8233
560 610 36 563
561 480 87 4552
562 44 97 640
562 130 94 5016
562 136 25 1791
562 165 4 5317
562 217 85 9452
562 240 34 1231
562 327 54 3125
562 346 25 6807
563 59 90 5906
563 66 75 9055
563 174 81 859
563 220 66 7700
563 225 96 6866
563 575 32 1383
563 593 81 419
563 621 35 8329
563 634 10 9828
563 652 44 7334
564 74 71 1200
564 252 2 8555
564 289 51 7935
564 460 37 6356
564 568 59 9262
564 571 62 1201
564 583 19 4988
564 589 55 4200
565 4 98 1372
565 122 51 7846
565 483 90 4182
565 605 28 8370
565 671 52 5162
566 45 98 8362
566 211 42 6394
566 273 47 9312
566 425 93 1049
566 473 66 8243
566 537 35 355
566 561 98 2746
566 570 68 4111
566 607 46 7486
566 612 50 552
567 231 85 7648
567 248 75 6287
567 350 45 2864
567 401 69 1072
567 404 33 7772
567 530 34 4283
567 532 33 7575
567 539 76 4532
567 571 38 4620
567 618 32 7455
567 623 62 7266
568 13 9 3811
568 74 63 3776
568 125 73 6660
568 197 14 6074
568 205 63 5650
568 231 21 1838
568 296 37 5565
568 386 53 8757
568 428 89 2286
568 431 28 9222
568 532 20 2661
568 575 48 9947
569 136 44 6385
569 213 66 5475
569 308 91 3779
569 327 92 8000
569 393 89 5455
569 551 27 8213
569 597 66 5740
569 621 86 2029
569 670 90 4359
570 190 18 9678
570 244 75 1270
570 260 34 9263
570 275 7 4961
570 322 36 9178
570 412 73 4335
570 481 24 7516
570 536 71 3689
570 613 90 7262
570 628 67 2082
571 263 13 1407
571 351 88 9739
571 638 71 8705
571 645 31 257
571 649 85 9572
572 71 15 7302
572 391 49 7241
572 439 24 7682
572 552 4 4830
572 576 94 7691
573 124 8 2967
573 126 26 9483
573 258 82 9096
573 271 72 9824
573 280 57 6990
573 301 5 7969
573 332 97 2144
573 343 60 4367
573 383 48 2242
573 419 75 7933
573 466 13 1941
573 467 86 7413
573 626 82 6509
574 460 46 2037
574 550 91 439
575 20 27 8050
575 67 5 1752
575 85 32 239
575 265 100 7055
575 449 62 3556
575 461 45 8318
575 491 77 8793
575 554 61 8288
575 605 11 7660
576 212 29 6838
576 285 44 2341
576 287 78 3530
576 486 5 4311
576 495 90 7550
576 577 47 432
576 578 88 6074
577 179 33 1393
577 212 77 8717
577 239 31 1376
577 332 23 8044
577 450 84 6167
577 533 61 5512
577 540 11 6821
578 150 99 7174
578 166 32 4327
578 172 11 2776
578 182 19 2788
578 198 57 9123
578 289 51 5398
578 313 24 9797
578 483 82 1011
579 113 22 3366
579 117 55 6399
579 260 82 6737
579 404 26 4205
579 452 80 5409
579 463 23 1140
580 31 20 4386
580 102 12 1070
580 122 59 1496
580 409 48 5569
580 482 71 4766
580 560 8 3279
581 235 40 8158
581 262 28 9615
581 323 7 7209
581 334 26 6528
581 345 75 9380
581 368 78 9008
581 457 69 3404
581 532 12 7248
581 550 64 6287
581 558 40 2436
581 676 72 5403
582 103 5 2230
582 244 98 1605
582 272 50 7520
582 307 22 8857
582 318 50 2962
582 608 15 2178
583 99 28 1321
583 124 38 9553
583 289 100 2664
583 417 85 3478
583 435 72 7753
583 485 33 1235
584 107 52 4748
584 393 73 2443
584 418 83 4544
584 539 98 7040
584 602 25 7447
585 66 44 7274
585 222 19 1365
585 382 31 8468
585 417 78 9497
585 526 97 9606
585 564 69 2735
585 580 10 1368
585 647 50 794
586 147 97 3421
586 217 98 4429
586 649 8 2602
587 49 77 4880
587 173 96 2711
587 194 24 5593
587 265 2 2548
587 538 40 1097
587 662 74 4358
588 95 62 2304
588 140 77 9491
588 160 52 6174
588 161 48 5320
588 275 60 958
588 390 87 7009
588 456 3 4236
588 524 82 9353
589 14 64 7789
589 132 54 4192
589 265 20 3349
589 364 55 8443
589 415 42 9356
589 453 43 8333
589 474 53 9868
589 625 42 9266
589 637 71 8218
590 175 56 322
590 277 43 556
590 393 41 6002
590 523 13 8679
590 530 63 9615
590 673 14 6144
591 272 67 7930
591 284 84 7272
591 358 73 9303
591 380 73 1727
591 462 98 5914
591 522 35 7792
591 567 98 7887
591 658 59 9639
591 672 4 6181
592 2 56 2259
592 190 54 8599
592 238 14 4846
592 271 52 678
592 432 24 314
592 587 45 2790
593 170 9 1963
593 268 71 3092
593 269 35 5543
593 418 47 6207
593 447 70 2844
593 486 72 4704
593 537 87 9069
593 655 42 4645
594 11 59 2445
594 35 77 9266
594 141 55 30
594 232 16 221
594 284 75 5168
594 297 98 8398
594 356 33 3894
594 590 39 4642
594 626 57 4609
594 651 85 5091
595 227 52 9183
595 380 97 3773
595 397 78 6120
595 409 28 5364
595 520 40 3769
595 552 60 6598
595 592 65 3536
595 654 15 3619
596 7 65 6431
596 31 91 8439
596 320 50 1089
596 332 89 9782
596 537 82 7079
596 550 75 7190
596 556 88 1212
596 582 80 8191
597 165 94 9928
597 187 63 8772
597 251 47 6790
597 256 35 3938
597 340 10 495
597 355 87 9474
597 549 82 9102
597 558 44 3947
597 618 32 9635
598 134 37 3481
598 448 75 8277
598 523 14 8408
598 590 56 389
598 596 98 7043
599 35 100 7877
599 95 85 1993
599 169 57 3547
599 185 64 6555
599 320 88 1251
599 381 93 9949
599 587 45 7379
600 49 22 8478
600 262 80 8865
600 322 24 8363
600 409 51 1161
600 412 95 1925
600 424 89 7809
600 500 33 1144
601 7 97 5930
601 247 38 6148
601 353 58 6122
601 356 40 4314
601 386 20 5256
601 421 69 9059
601 470 6 7713
601 527 7 4602
601 632 91 8428
602 49 79 7923
602 101 45 1855
602 141 37 8495
602 222 67 832
602 262 20 5155
602 541 40 7104
602 555 99 3188
602 616 33 836
602 656 35 3190
603 205 10 3826
603 280 56 9329
603 303 81 4724
603 309 88 1938
603 406 88 7394
603 553 91 230
604 101 74 2322
604 111 52 2170
604 329 76 7141
604 355 64 9894
605 136 72 7435
605 162 48 2963
605 311 38 7698
605 503 2 3922
605 504 86 8188
605 671 12 8195
606 4 13 7319
606 5 75 7446
606 80 42 2262
606 180 35 7181
606 336 8 8626
606 539 10 8181
607 11 99 5562
607 165 2 1474
607 200 54 7365
607 457 67 3377
608 18 52 2766
608 209 91 2041
608 349 64 5192
608 373 63 5349
608 492 79 9426
608 544 95 5391
608 553 44 3769
608 569 88 5137
609 30 83 4923
609 153 17 8390
609 172 100 9726
609 476 22 7198
610 78 39 9623
610 170 23 692
610 396 39 6389
610 409 68 842
610 529 6 6758
610 532 83 5969
610 562 1 8845
610 566 69 1679
610 607 22 3915
610 609 22 1365
610 651 84 2609
610 668 53 66
611 43 83 5169
611 100 7 3782
611 242 46 7728
611 273 31 2885
611 597 2 2353
611 655 28 7040
612 12 41 348
612 215 82 599
612 249 57 7116
612 481 19 1758
612 489 12 588
612 544 88 6933
613 14 54 3209
613 46 49 4889
613 203 70 7501
613 331 54 2404
613 368 69 6112
613 604 86 3914
614 5 91 9868
614 41 50 3892
614 106 21 3078
614 202 84 7313
614 308 25 1517
614 368 11 6881
614 422 32 830
614 470 38 943
614 502 69 4778
614 594 75 8622
614 664 86 8875
615 199 11 6507
615 235 75 4816
615 240 11 5395
615 501 28 1448
615 538 60 7470
615 539 15 8810
615 571 62 3535
615 627 39 4997
615 643 48 1663
616 86 13 8758
616 152 95 5144
616 180 87 9885
616 200 38 7355
616 250 62 6664
616 259 29 8999
616 388 38 5839
616 469 6 1912
616 481 54 4416
617 86 6 7933
617 269 15 9317
617 297 3 3529
617 374 26 3116
617 516 16 2716
618 63 12 4263
618 142 78 4624
618 304 72 5625
618 375 19 5311
618 391 9 8556
618 400 65 170
618 630 19 1345
619 78 68 756
619 133 83 1025
619 284 19 4189
619 381 92 2676
619 518 73 4006
619 521 92 227
619 617 35 6470
620 127 42 950
620 194 85 1453
620 213 64 9915
620 245 28 935
620 436 39 8546
620 574 45 7399
621 1 53 5262
621 2 20 8671
621 24 6 9439
621 76 78 141
621 133 64 4796
621 289 81 2255
621 300 23 9153
621 335 61 5815
621 417 80 147
621 435 36 2721
621 528 48 4172
622 78 26 5363
622 79 86 9305
622 230 97 5976
622 277 51 8894
622 306 26 1303
622 324 7 3645
622 337 26 3464
622 380 84 8455
622 430 4 3547
622 506 51 4284
622 537 53 3425
622 627 89 4765
623 130 91 9168
623 265 63 4226
623 582 40 8710
624 167 98 5117
624 169 72 8835
624 184 22 6721
624 194 63 8624
624 222 66 888
624 301 78 2472
624 322 33 2603
624 425 35 3968
624 497 58 5891
625 3 66 660
625 147 26 6018
625 152 84 6314
625 177 83 9675
625 180 33 2045
625 195 52 6425
625 216 7 5001
625 283 41 7530
625 311 88 2314
625 620 2 1350
626 77 37 2567
626 287 89 7215
626 452 90 9473
626 454 69 3677
626 552 40 3578
627 196 19 7305
627 278 89 2444
627 369 23 4673
627 424 10 457
627 633 99 6942
628 20 53 7302
628 101 18 5959
628 117 3 7611
628 124 41 2490
628 227 24 442
628 289 91 7213
628 457 61 8779
628 572 79 7102
629 18 52 6947
629 39 30 1691
629 250 77 3048
629 557 96 7465
629 577 44 8670
630 1 89 6953
630 30 78 9187
630 337 46 4330
630 342 89 6316
630 366 41 5143
630 518 26 2833
631 72 32 3849
631 180 26 4174
631 185 61 5338
631 265 52 1839
631 393 40 1203
631 410 38 5921
631 470 46 2014
631 602 21 4593
632 30 78 7164
632 69 14 7967
632 157 68 5091
632 246 5 7065
632 276 72 6345
632 320 80 2412
632 518 39 7305
632 559 96 1822
633 16 6 1222
633 41 95 8566
633 47 59 8947
633 157 57 5350
633 663 1 1894
634 53 71 5746
634 86 59 6591
634 352 90 6088
634 364 54 6303
634 481 6 573
634 593 93 3911
634 596 37 7165
634 651 7 7369
635 120 28 4446
635 272 25 7524
635 283 19 8530
635 420 97 8614
635 455 48 1655
635 574 60 204
636 204 5 412
636 224 49 8275
636 331 58 8707
636 430 65 2847
636 490 46 4970
637 72 50 1552
637 136 42 6894
637 197 14 9530
637 265 10 8420
637 307 50 6338
637 337 17 4275
637 386 13 1836
637 394 4 5309
637 449 1 6251
637 473 63 712
637 600 6 319
638 464 23 1254
638 590 93 3632
639 37 12 9809
639 51 79 7458
639 58 78 1980
639 121 9 6671
639 126 25 7174
639 139 53 5635
639 217 45 5802
639 245 24 1162
639 445 76 8536
639 489 49 2880
639 571 96 2501
640 155 82 3510
640 219 12 8288
640 367 29 4334
640 381 41 2421
640 511 66 2205
640 563 82 796
640 667 14 9711
641 6 27 1374
641 70 34 4351
641 109 47 5286
641 196 85 491
641 332 39 4660
641 399 4 3867
641 597 95 3704
642 14 98 9742
642 24 4 8579
642 104 52 9415
642 299 66 7080
642 382 49 2759
642 395 52 1714
642 412 15 4433
642 438 9 7328
642 455 44 1635
642 476 1 6877
643 35 37 7247
643 159 14 8674
643 409 89 2304
643 489 33 2093
643 549 70 2880
643 571 96 9267
644 6 21 8352
644 119 98 5872
644 163 66 1063
644 209 3 7866
644 327 73 5155
644 635 79 7839
645 302 39 8439
645 390 66 82
645 511 25 218
645 548 10 5114
645 567 64 8175
645 656 87 7905
646 79 79 7119
646 101 97 3000
646 150 50 2144
646 269 67 8971
646 378 47 6464
646 488 94 4613
646 536 78 6849
646 631 78 403
647 117 3 8409
647 184 41 7941
647 218 99 9759
647 364 75 5976
647 403 76 4036
647 458 89 3792
647 484 63 4875
647 635 96 5393
648 4 45 8044
648 146 92 1047
648 380 39 7010
648 632 69 3386
648 673 25 3914
649 41 98 55
649 60 62 6827
649 233 57 2764
649 294 35 5049
649 326 57 4786
649 448 7 7783
649 480 61 4783
650 137 70 1849
650 323 74 6732
650 437 75 6621
650 473 76 7771
650 601 64 6868
651 90 17 7554
651 163 29 5185
651 261 39 54
651 300 99 5288
651 418 8 9860
651 421 15 6916
651 448 76 3701
652 59 64 2384
652 181 86 3123
652 221 66 9246
652 249 5 4687
652 252 46 2830
652 294 19 520
652 313 50 9894
652 436 91 465
652 547 13 7107
653 344 18 3342
653 482 44 5309
653 592 47 7742
653 665 96 6206
654 16 53 2710
654 93 21 2928
654 170 11 1436
654 296 63 1248
655 50 58 1828
655 118 94 8814
655 172 67 7939
655 272 43 4285
655 318 11 7444
655 510 30 3101
655 539 60 9995
655 583 59 8630
655 646 88 5202
655 648 38 9434
656 32 95 4533
656 56 91 3248
656 66 95 5111
656 206 27 6357
656 208 98 4190
656 568 4 7456
656 592 69 4449
657 4 69 5235
657 12 40 4264
657 19 71 3550
657 26 59 2753
657 175 2 2319
657 184 47 9560
657 281 48 2434
657 381 14 1237
657 466 19 408
658 131 69 6561
658 163 55 5715
658 344 71 2534
658 352 71 920
658 401 23 6027
658 445 75 5443
658 614 75 996
659 55 78 5566
659 118 59 2900
659 154 67 3317
659 218 52 8468
659 322 35 8398
659 422 80 2934
659 571 83 5493
660 74 22 1753
660 195 100 2643
660 280 13 5907
660 284 57 6335
660 296 92 6780
661 9 55 1514
661 19 6 1981
661 60 8 9632
661 237 76 3985
661 288 98 8234
661 305 85 664
661 491 3 8888
661 575 84 9889
661 582 86 9863
661 624 23 820
661 646 55 9696
662 186 25 7606
662 252 38 3589
662 277 12 695
662 294 24 8303
662 458 74 3530
662 543 68 279
663 69 62 9476
663 105 62 4838
663 111 12 1459
663 313 23 3048
663 362 75 7325
663 400 36 3958
663 443 14 5573
663 509 20 6388
663 671 92 5526
664 5 83 1668
664 77 31 8421
664 110 57 2995
664 263 15 1532
664 269 49 2940
664 385 61 169
664 436 70 6922
664 643 96 5831
665 104 11 5807
665 126 42 7534
665 533 55 8468
665 588 58 7142
665 633 77 8423
665 656 14 2596
665 674 10 5457
666 75 73 893
666 104 25 7603
666 466 65 2381
666 544 49 1131
666 592 12 4598
666 664 70 5324
667 131 66 3639
667 267 97 761
667 271 21 6708
667 343 19 5814
667 419 41 8125
667 470 81 5450
667 486 66 3057
667 548 73 7979
668 17 4 5034
668 102 36 6476
668 138 26 6912
668 185 31 1590
668 253 92 7379
668 383 72 3203
668 468 76 3141
668 572 78 3093
668 642 31 3474
668 650 5 5304
669 126 33 3124
669 339 17 7125
669 388 48 1750
669 460 75 2866
670 27 58 2799
670 66 44 3162
670 87 32 631
670 147 89 110
670 215 42 6419
670 255 51 3185
670 359 98 7123
670 546 39 2125
670 611 63 7616
671 17 18 9746
671 94 90 1774
671 168 49 3974
671 475 97 2517
671 487 99 2497
671 516 66 25
671 585 62 5424
671 665 23 6205
672 38 37 654
672 62 88 925
672 116 15 7081
672 270 96 5166
672 319 66 7493
672 349 88 3004
672 500 69 2550
672 537 20 7538
672 606 47 8061
672 623 12 3695
673 37 34 4208
673 68 12 9484
673 305 4 6829
673 468 8 2065
673 490 4 2330
673 575 22 3540
674 82 36 4161
674 83 17 6450
674 90 41 4512
674 374 15 7858
674 473 56 3902
674 626 62 4324
674 652 4 7833
675 56 62 1450
675 147 45 1173
675 161 97 630
675 167 32 4060
675 201 14 8436
675 209 40 9621
675 215 52 5844
675 285 3 7825
675 396 83 7638
675 441 85 6551
675 519 87 9578
675 525 62 2054
676 148 35 9417
676 157 55 4648
676 173 93 5110
676 189 80 1954
676 223 12 4724
676 296 78 4408
676 389 6 1209
676 487 19 1819
676 616 44 2058
-1 2 2 2