380
1 76 7 4590
1 85 38 1833
1 149 34 6476
1 233 71 5569
1 249 21 3266
2 36 91 9259
2 120 13 8871
2 261 57 5717
2 264 41 1495
4 6 19 6482
4 116 91 9590
5 132 20 4847
5 263 52 4740
5 273 55 8377
5 360 2 5115
5 365 1 8860
6 9 57 7138
6 59 93 1790
6 112 13 315
6 176 10 8533
7 5 80 3600
7 327 43 6292
7 379 70 1100
8 19 60 5662
8 232 46 7430
8 324 43 5588
9 246 19 8615
9 318 86 4323
10 8 54 9892
10 51 51 1307
10 209 7 1451
11 98 67 7415
11 164 88 7211
11 345 56 2200
12 1 25 5618
12 71 84 1104
12 230 69 1227
12 259 48 4391
13 43 78 2107
13 211 52 7623
14 22 37 8547
14 198 62 2907
14 218 61 6348
14 304 29 6866
15 348 39 6280
16 130 73 7597
16 159 30 4691
16 222 11 2670
16 243 1 6919
16 270 21 9425
20 315 36 4657
20 377 28 8104
21 31 83 4275
21 237 94 912
21 373 34 2546
22 295 86 2270
22 335 44 4447
23 220 76 956
23 251 94 2405
23 264 21 7033
23 311 36 2345
25 88 81 9117
26 167 35 5992
26 194 38 5287
27 202 10 9359
27 335 11 1797
28 7 15 1591
28 121 100 6249
28 161 17 2394
29 18 60 4950
29 76 91 8397
29 253 71 5086
30 119 43 8747
30 227 41 9989
30 335 3 213
32 162 73 2538
32 375 58 4353
33 14 6 5944
33 129 44 6144
33 369 83 9605
34 86 54 8645
34 94 1 2220
35 22 35 7653
36 81 68 8804
36 309 46 1979
37 345 5 7688
39 268 75 3676
39 302 73 9569
40 79 22 8813
40 154 57 6276
40 222 77 2929
41 143 65 7934
42 9 82 3170
42 41 30 3977
42 189 65 7812
42 202 34 3870
43 158 56 7686
43 265 89 3043
43 285 38 908
44 143 98 1735
44 149 38 8302
44 379 22 9612
45 48 29 8546
45 76 33 750
45 255 10 5089
45 315 77 9087
45 357 70 8541
46 7 72 8003
46 32 63 9953
46 134 31 79
46 260 16 8264
46 338 49 572
46 344 50 37
47 100 66 1287
47 111 45 8163
47 139 74 182
47 298 16 8795
48 178 46 1145
48 217 93 8030
49 41 46 7402
49 77 70 1623
49 161 40 3839
49 222 15 6212
50 27 93 4577
50 30 64 6524
50 370 8 280
51 77 87 4956
51 207 3 7088
51 258 44 3520
51 349 27 8640
52 233 82 4100
53 183 74 4497
53 296 46 7671
54 94 93 2938
54 99 100 239
54 296 40 5169
55 110 61 9531
55 267 60 4727
56 129 42 3552
56 209 56 8258
57 125 27 6663
57 278 89 1214
58 2 18 8443
58 67 53 2961
58 226 62 9379
58 341 53 9995
59 197 30 3126
61 267 43 9076
62 89 96 2836
62 127 13 6495
62 364 74 8704
62 367 15 1286
63 100 35 3374
63 214 12 328
64 81 78 1667
64 210 85 9704
64 319 81 9825
65 31 69 6298
65 47 67 1922
65 128 11 6580
65 171 52 3563
65 333 74 7482
66 35 40 3769
66 76 57 3835
66 207 4 4921
66 216 29 6029
67 91 25 8343
67 131 14 1859
67 205 69 9677
68 165 38 7698
68 192 96 7123
68 207 1 2376
68 213 99 1022
68 324 26 7918
69 5 43 6988
69 88 97 6946
69 107 2 7423
70 112 27 9941
70 329 43 7335
71 88 75 4146
71 130 56 4103
71 266 26 5880
71 298 97 191
71 318 90 3217
72 10 67 2627
72 150 14 3914
72 245 1 4667
72 321 90 9400
73 2 88 7667
73 51 69 4982
73 171 54 4517
73 176 27 1555
73 220 39 6354
73 294 95 5833
74 119 88 5269
75 17 30 5943
75 132 23 2855
75 299 74 871
76 150 45 2263
76 319 40 9264
77 43 90 1353
78 1 77 7342
78 76 71 5818
78 210 41 8058
78 366 84 409
79 18 91 4489
79 155 26 1318
79 166 43 3216
79 372 23 7537
80 257 49 4062
81 69 57 5378
81 350 57 4879
81 351 85 4530
82 262 2 7629
83 19 45 2541
84 199 44 4386
85 116 45 2773
85 123 27 2616
85 126 90 8468
85 159 25 8426
85 160 28 6416
85 176 14 6505
85 187 33 8957
85 193 73 8107
85 271 45 1473
86 11 68 2002
86 56 50 8524
86 346 32 7786
87 6 6 5333
87 218 15 2550
88 79 25 5010
89 4 35 4470
89 234 82 8661
90 354 85 2724
90 360 80 4109
91 274 49 8708
93 300 76 414
93 334 64 4608
93 357 22 7636
94 189 14 8567
94 194 8 1234
94 351 20 2310
95 308 57 6503
97 7 95 9162
97 57 88 1861
97 210 11 2412
97 226 71 4997
98 12 81 1004
98 178 58 317
98 265 27 7137
98 357 78 1227
99 134 96 7653
99 158 41 112
100 19 13 7362
100 49 47 7678
100 157 80 3207
100 376 11 5551
101 21 68 8668
101 24 54 1962
101 77 81 241
101 242 75 2244
101 363 4 3397
102 337 40 2237
103 125 100 897
103 145 5 8127
103 264 86 9682
104 75 53 2933
104 168 87 7345
105 49 96 2299
105 70 7 3495
105 251 76 3338
106 226 1 8887
107 95 89 8568
107 232 6 7294
107 238 81 8086
107 380 34 7055
108 56 29 2889
108 336 51 3921
109 52 25 1203
109 302 69 4030
110 142 29 5554
111 167 63 5033
111 247 39 3749
111 289 30 4234
112 151 99 9788
112 175 28 2375
112 267 25 780
112 276 13 2013
113 264 99 7870
114 14 6 2580
114 51 7 3191
114 155 86 2636
114 191 32 2789
115 35 56 7556
115 47 91 4076
115 122 37 9671
115 156 82 8000
115 255 55 820
115 366 100 9784
116 181 5 499
116 314 71 5485
117 39 25 2696
117 98 16 3189
117 200 60 8315
117 222 58 6718
117 300 46 3364
117 325 60 3231
118 140 51 8691
118 264 71 5258
118 301 99 6361
119 28 34 535
119 174 83 5315
119 224 86 3438
119 242 86 2986
120 143 73 242
120 212 84 9144
120 376 26 9060
121 193 91 4694
122 237 48 5602
122 253 8 9657
122 286 71 253
123 257 20 4931
124 3 35 5371
124 8 73 2206
124 110 80 2571
124 159 18 6313
125 95 6 7301
125 131 79 4343
125 355 38 464
125 357 28 6662
126 16 6 7163
126 129 5 2783
126 233 22 347
126 266 76 8469
126 364 49 6835
127 17 25 4619
127 138 87 7497
128 23 1 3274
128 76 19 5874
128 110 79 6198
128 356 44 396
129 52 63 7901
129 84 48 6841
130 8 96 1137
130 187 57 5923
130 221 99 4362
131 134 86 9955
131 217 96 5659
132 333 2 972
133 113 80 2602
133 251 6 8604
134 98 72 1245
134 146 52 9473
134 349 70 1670
136 30 46 6348
136 196 20 141
136 337 95 3082
137 49 94 7143
137 56 74 2989
137 366 31 9930
137 373 63 2429
138 196 43 4700
138 220 84 4139
139 212 59 2685
140 43 62 838
140 175 38 9267
140 209 93 5209
140 356 63 8245
140 358 81 7732
141 61 66 6378
141 123 31 485
143 23 71 9878
143 333 18 3616
143 335 72 6192
144 11 56 8002
144 339 21 8218
145 10 31 6764
145 61 18 9166
145 125 54 9628
146 63 50 8715
146 82 65 9839
146 306 33 6257
146 314 47 7548
148 59 53 6080
148 155 79 7119
149 208 57 2062
150 123 3 1679
150 380 39 7521
151 6 94 1662
151 181 64 8249
151 378 63 2536
152 75 19 93
152 92 51 2088
153 78 58 2904
153 124 15 7459
153 239 70 8531
153 305 97 2303
154 72 39 8696
154 313 50 1992
155 94 75 1480
155 221 10 7231
156 10 93 3064
158 229 10 8183
159 35 36 555
159 363 44 3351
160 14 4 9507
162 80 87 7974
162 260 51 1537
163 349 61 5209
164 184 93 1775
164 270 19 8762
164 283 57 2668
164 321 64 7795
165 275 63 7265
165 282 86 2489
165 372 45 5247
166 57 71 4989
166 67 63 1332
166 71 72 7950
166 245 87 3015
166 322 1 7042
166 327 21 3539
167 38 15 8472
167 94 75 1427
167 226 32 2219
167 313 53 5402
169 90 81 6209
169 110 69 2044
169 162 3 5783
169 231 61 141
169 256 23 757
169 267 39 694
170 142 45 6401
170 205 25 8916
170 221 3 3911
170 351 31 8355
171 115 4 803
171 171 93 8670
172 116 74 3319
172 161 96 5657
172 333 38 9648
173 225 59 6518
174 211 56 5479
174 245 13 6211
174 273 14 573
175 215 51 2236
175 283 29 4441
175 377 29 3426
176 2 42 4954
176 189 41 7896
176 365 16 4271
177 197 50 8872
177 277 26 8142
177 292 41 7051
178 39 12 7637
178 94 8 3349
178 180 36 3766
178 197 18 9492
179 49 96 1131
179 55 54 3209
179 56 55 4756
179 332 45 5736
180 11 96 8373
181 34 61 6389
181 117 78 1501
181 241 84 1246
181 243 24 6885
182 182 17 9901
182 310 26 7657
182 359 51 9190
183 183 45 9658
183 251 38 5281
183 358 75 5108
183 360 72 5371
184 110 90 3177
184 339 31 644
184 349 32 375
185 140 31 7127
185 373 100 8243
186 72 16 4777
186 266 96 4151
187 205 22 4571
188 186 36 2490
189 338 71 2413
189 370 47 1421
191 25 2 1791
191 53 31 492
191 356 23 7205
192 42 99 8194
192 56 27 8188
192 102 22 3858
192 372 83 5653
193 333 84 4266
194 55 80 5683
194 81 8 2647
194 191 12 8603
194 231 97 2833
194 261 73 7832
195 50 23 7643
195 378 45 1821
196 66 16 1846
196 106 63 2846
196 201 89 3386
197 134 2 4287
197 357 31 5329
197 373 26 5653
198 97 38 361
198 125 57 2473
198 235 26 436
199 15 56 3485
199 146 34 1319
199 163 88 6231
199 218 3 1612
199 220 14 2177
199 316 7 7010
200 338 97 1022
200 363 8 312
201 208 67 3896
202 60 97 268
203 295 35 1627
203 336 48 9712
203 352 31 3837
204 95 72 1288
204 140 10 1049
204 319 75 817
206 95 34 7509
207 25 35 2973
207 236 91 2637
207 327 36 504
208 271 14 6542
209 365 66 5162
210 158 15 9073
210 190 73 7781
210 319 68 9169
211 177 1 7502
212 40 48 2700
212 245 14 778
214 87 37 3637
214 124 17 9198
214 244 86 6492
215 145 14 5571
215 370 52 8500
216 109 95 442
216 111 36 5830
216 266 97 2301
216 268 24 1162
217 50 63 2638
217 253 34 2935
217 295 71 9554
217 320 4 7523
218 1 7 5603
218 182 22 6972
218 197 32 3110
218 239 9 1149
218 334 59 1646
218 351 40 5024
219 85 68 4343
219 120 23 4814
219 340 84 4659
219 363 43 8432
219 370 59 5718
220 148 46 773
221 84 56 2531
221 107 8 5126
221 158 84 2163
221 205 100 1843
221 268 65 5573
221 379 14 496
222 14 35 9422
222 132 96 3693
222 134 19 1987
222 325 17 7338
222 337 29 2239
222 373 51 7464
223 236 49 9146
223 307 96 6560
224 34 63 8193
224 55 32 3218
224 133 23 1039
224 169 95 9159
224 271 53 3694
225 58 1 7317
225 367 19 9814
225 376 65 653
226 146 88 2160
226 215 45 9358
227 289 99 9413
228 174 96 6827
228 311 4 8846
228 323 91 7604
228 325 91 6538
229 69 63 9206
229 239 30 7847
230 39 23 1804
230 101 37 3470
230 287 62 4790
230 306 15 8314
230 314 6 9133
230 366 80 2622
230 377 85 6419
231 106 34 482
231 288 76 1632
232 324 94 8823
233 37 58 4249
233 70 21 9100
233 184 53 2011
234 73 37 6015
234 199 68 6718
234 360 61 9991
235 13 74 9098
235 117 12 5835
235 118 87 3326
235 223 1 2344
235 246 11 4980
235 366 18 8595
237 197 98 2451
237 330 28 7173
238 123 82 5322
239 27 48 8891
239 69 70 6368
239 230 91 1422
240 5 78 9979
240 325 89 2298
240 331 49 4001
240 360 88 7922
241 48 50 8451
241 186 8 9688
241 255 76 608
241 350 84 6938
243 244 87 9701
243 325 33 3336
244 101 51 960
244 111 9 2584
245 196 33 2856
245 239 74 8555
246 66 75 5816
246 347 28 3952
247 129 47 6468
247 249 49 5195
247 333 69 4888
248 110 16 9918
248 354 90 9575
249 40 58 1466
249 195 83 4341
250 7 55 2121
250 111 41 287
251 98 57 2543
251 245 99 2317
252 121 26 6583
252 168 24 2951
252 189 37 7098
253 211 19 1465
255 86 1 7265
255 214 32 2
255 256 59 4752
255 281 89 1926
256 134 22 4579
256 279 100 6979
256 342 96 8034
257 141 19 7150
257 202 55 1711
257 246 89 5611
258 29 53 7739
258 110 27 5730
258 215 21 9450
258 320 32 9458
258 349 47 150
259 16 74 3947
260 51 14 1557
260 148 48 6224
260 169 61 5189
260 294 49 3682
261 188 19 6001
261 290 60 4866
261 371 34 8330
262 88 67 4188
262 230 40 8507
262 257 50 4292
262 274 45 4076
262 368 73 566
263 126 77 1404
263 158 75 2775
263 219 6 10000
264 38 74 5319
264 155 8 3373
264 181 95 568
265 180 61 2395
265 309 49 1031
265 321 95 1260
266 164 48 2429
266 359 89 6967
266 368 68 5980
269 171 73 9118
269 189 23 8070
269 316 45 2995
270 173 87 9422
270 336 51 1361
271 250 96 8656
271 327 12 5269
272 37 26 5619
273 46 42 8220
273 344 87 3554
274 101 15 6787
274 153 37 5361
274 244 47 3184
274 372 89 3987
275 13 2 7109
275 93 67 1975
275 153 26 2941
276 322 44 5770
277 101 36 1382
277 105 43 3038
277 235 42 91
277 275 93 453
279 57 11 2018
279 60 23 6704
279 131 90 8609
280 95 10 3556
280 140 96 7546
280 151 16 9794
280 210 81 3057
280 270 80 3583
280 319 65 98
281 12 9 2742
281 341 39 8304
281 344 63 5326
282 44 85 6406
282 296 63 8778
283 29 48 6407
283 31 82 4558
283 330 76 8004
283 340 62 1365
284 56 13 7871
285 165 72 8360
285 249 68 188
285 313 53 8848
285 318 96 8284
286 53 82 6112
286 303 34 690
287 33 5 7772
288 46 45 67
288 91 49 5029
288 308 24 4163
289 237 58 5671
289 336 69 5739
291 258 29 1696
291 340 95 7842
292 88 13 3059
292 115 12 684
292 249 18 7479
294 67 23 9570
294 119 78 6818
294 214 5 1460
294 316 81 8938
294 369 1 4485
295 96 61 198
295 178 52 2509
295 283 78 3727
295 365 23 1736
296 73 98 9943
296 96 26 5978
297 231 39 3920
298 74 19 7403
298 108 78 5882
299 62 86 8395
299 175 12 5309
299 196 16 2389
300 50 78 4873
300 53 100 4111
300 148 10 5053
300 228 95 6871
301 25 50 9498
301 132 31 6827
301 302 25 8754
302 91 14 2622
302 271 48 8740
303 90 51 6686
303 218 11 8769
303 342 40 5989
304 100 2 8526
305 51 35 713
305 61 86 1403
305 247 53 5015
305 282 75 9653
305 373 25 84
306 81 57 7720
306 92 6 2658
306 223 69 9037
306 316 36 6793
307 214 42 750
308 62 66 9189
308 115 41 716
308 342 27 4851
309 129 36 2666
310 361 91 6837
311 15 43 4278
311 288 1 7728
311 380 32 3354
312 104 43 8306
312 253 58 8219
313 348 41 414
313 378 90 4399
314 5 71 5859
314 53 35 5258
314 187 51 3928
314 269 7 8417
315 89 68 8199
315 296 84 1694
316 157 50 7672
316 228 12 6592
317 69 60 8254
317 190 21 4761
318 304 34 9252
318 306 14 1428
319 89 9 3823
319 145 46 8650
320 265 88 1936
320 272 100 10
320 343 94 2834
321 45 67 6796
321 287 13 1274
322 80 64 2580
324 126 24 3400
324 189 26 5225
324 323 71 1337
325 50 17 1930
325 273 42 9037
325 279 42 4627
326 136 89 1155
326 322 54 2197
327 180 29 2052
327 292 98 1916
329 32 39 6597
329 40 25 4484
329 190 82 7192
329 372 79 8894
331 138 17 9195
331 145 26 640
332 51 94 8451
332 62 65 3664
332 115 39 4033
332 318 45 8432
332 359 69 4987
333 116 59 7709
334 57 93 5464
334 127 58 3822
334 184 15 9807
335 21 37 7853
335 121 4 4014
335 206 36 8537
335 355 5 9967
337 135 83 2373
337 176 61 1608
337 251 64 1754
337 317 10 5228
337 363 69 8900
338 344 12 3713
339 89 83 5033
339 180 99 6741
340 199 93 1192
341 4 57 5350
341 191 13 6071
341 221 57 7101
341 281 76 7912
342 194 14 8963
342 326 48 8670
342 346 29 6582
343 104 42 4441
343 200 41 406
343 246 94 950
343 367 85 7962
344 89 1 3949
344 171 27 9884
345 16 81 6725
345 76 76 8073
345 188 16 1532
346 147 23 9280
346 296 3 4931
346 320 81 4230
347 303 94 3846
348 112 92 1993
348 160 16 8473
349 270 75 9909
349 370 13 3115
349 380 14 9107
350 192 17 8651
351 131 20 2969
351 177 99 1446
351 282 52 1579
351 354 23 5828
352 348 3 2438
353 374 11 5777
354 364 70 7665
355 16 7 4450
357 41 94 6252
357 272 95 5086
357 324 45 7162
358 164 58 3171
358 228 71 6470
358 372 37 3736
359 26 28 9405
359 55 86 1700
359 103 74 1336
359 128 97 1577
359 209 66 4019
359 212 4 5269
359 228 9 7467
359 276 45 878
359 282 31 8104
359 379 79 7025
360 253 7 6325
361 21 10 8951
361 56 87 2019
361 89 73 557
361 246 40 1110
361 317 92 3120
361 338 14 3030
362 120 19 2887
362 158 17 667
362 369 64 9983
363 49 38 8219
363 188 51 3846
363 310 85 2647
364 171 75 7168
364 244 2 9105
366 207 92 7809
366 268 29 2653
367 22 11 8915
367 95 71 1584
367 175 23 5862
367 349 93 6467
368 229 81 9558
368 310 96 151
368 367 45 6564
369 12 18 3260
369 43 46 8207
369 95 30 8148
369 225 4 9867
369 266 95 5830
371 318 34 4248
372 30 34 1225
372 131 56 362
372 215 77 1519
373 28 29 4899
373 218 2 7803
374 76 12 2146
374 179 69 6093
374 275 3 116
375 23 95 499
375 75 80 9764
375 299 10 3225
376 161 70 7940
376 244 25 6373
377 305 6 8519
379 8 2 4839
379 60 18 3487
379 156 15 7526
380 81 49 2643
380 179 44 5829
-1 2 2 2